id,EAP,HPL,MWS
id02310,0.056,0.011,0.933
id24541,0.942,0.043,0.015
id00134,0.500,0.421,0.079
id27757,0.853,0.136,0.011
id04081,0.815,0.100,0.086
id27337,0.899,0.082,0.019
id24265,0.858,0.123,0.019
id25917,0.073,0.180,0.748
id04951,0.997,0.002,0.001
id14549,0.906,0.054,0.040
id22505,0.168,0.301,0.531
id24002,0.004,0.991,0.006
id18982,0.162,0.712,0.126
id15181,0.080,0.853,0.066
id21888,0.619,0.005,0.375
id12035,0.049,0.045,0.906
id17991,0.147,0.026,0.826
id10707,0.980,0.006,0.014
id07101,0.151,0.238,0.611
id00345,0.424,0.529,0.047
id05912,0.928,0.023,0.049
id13443,0.958,0.029,0.013
id09248,0.461,0.100,0.438
id17542,0.015,0.971,0.015
id06995,0.279,0.077,0.644
id25159,0.713,0.012,0.275
id25729,0.600,0.377,0.023
id26949,0.826,0.061,0.113
id27191,0.392,0.003,0.605
id07668,0.523,0.006,0.471
id02230,0.197,0.216,0.587
id15553,0.992,0.002,0.006
id25688,0.003,0.995,0.002
id17545,0.989,0.008,0.003
id13929,0.477,0.126,0.397
id12880,0.229,0.529,0.241
id19282,0.550,0.100,0.350
id14690,0.002,0.006,0.992
id17975,0.061,0.838,0.102
id08037,0.697,0.008,0.295
id15412,0.115,0.033,0.852
id25032,0.505,0.044,0.452
id27165,1.000,0.000,0.000
id03327,0.513,0.163,0.323
id18515,0.853,0.002,0.145
id21003,0.151,0.052,0.797
id23855,0.003,0.688,0.309
id20724,0.890,0.052,0.058
id13303,0.215,0.066,0.719
id16521,0.077,0.290,0.633
id20775,0.997,0.002,0.001
id13029,0.992,0.003,0.005
id14660,0.701,0.268,0.030
id11028,0.012,0.010,0.979
id14180,0.991,0.004,0.005
id25860,0.962,0.001,0.036
id11910,0.316,0.017,0.667
id08065,0.143,0.040,0.817
id22674,0.171,0.010,0.819
id25018,0.305,0.025,0.671
id10892,0.044,0.922,0.035
id10217,0.377,0.618,0.004
id12996,0.369,0.036,0.594
id18262,0.323,0.162,0.515
id08606,0.013,0.977,0.010
id17233,0.905,0.067,0.028
id00101,0.534,0.321,0.144
id12225,0.942,0.030,0.028
id01364,0.103,0.869,0.028
id24973,0.815,0.007,0.178
id25363,0.707,0.125,0.168
id10061,0.259,0.406,0.334
id17673,0.026,0.960,0.014
id13249,0.385,0.051,0.565
id10107,0.021,0.018,0.961
id04403,0.800,0.026,0.174
id25728,0.841,0.108,0.051
id16184,0.273,0.044,0.683
id03438,0.080,0.022,0.898
id22923,0.007,0.991,0.001
id08610,0.955,0.014,0.031
id25355,0.078,0.036,0.886
id16916,0.540,0.363,0.097
id12793,0.079,0.911,0.010
id11859,0.704,0.102,0.194
id02434,0.993,0.002,0.005
id27703,0.018,0.006,0.976
id25212,0.393,0.540,0.068
id11308,0.210,0.187,0.604
id26094,0.967,0.014,0.019
id22080,0.957,0.032,0.012
id03545,0.996,0.003,0.001
id23725,0.006,0.009,0.985
id12009,0.827,0.104,0.069
id24241,0.378,0.433,0.189
id03596,0.006,0.976,0.018
id10749,0.104,0.802,0.094
id22794,0.074,0.028,0.898
id15482,0.473,0.177,0.350
id04833,0.749,0.187,0.064
id00397,0.111,0.004,0.886
id14691,0.014,0.113,0.873
id05193,0.145,0.040,0.815
id19541,0.783,0.010,0.207
id22166,0.064,0.199,0.737
id20744,0.000,0.000,1.000
id10392,0.013,0.128,0.859
id00770,0.943,0.035,0.021
id06018,0.437,0.510,0.053
id15678,0.794,0.004,0.201
id08305,0.764,0.215,0.021
id08903,0.118,0.115,0.766
id14752,0.506,0.381,0.113
id12468,0.261,0.738,0.001
id05085,0.550,0.423,0.027
id21993,0.117,0.005,0.878
id15503,0.977,0.011,0.012
id03021,0.057,0.892,0.051
id16123,0.917,0.062,0.022
id19383,0.760,0.017,0.222
id04186,0.945,0.001,0.054
id17954,0.014,0.078,0.908
id12030,0.103,0.003,0.894
id13020,0.896,0.086,0.019
id25327,0.043,0.572,0.385
id16344,0.210,0.398,0.392
id12303,0.179,0.790,0.031
id15017,0.975,0.022,0.003
id22308,0.321,0.045,0.635
id06536,0.005,0.012,0.982
id19797,0.119,0.705,0.176
id06332,0.707,0.188,0.105
id22941,0.345,0.129,0.526
id13547,0.025,0.027,0.948
id06928,0.015,0.024,0.961
id12521,0.374,0.579,0.047
id25716,0.905,0.005,0.090
id27116,0.156,0.000,0.844
id19941,0.029,0.855,0.116
id05711,0.000,0.000,1.000
id02097,0.009,0.015,0.975
id03563,0.055,0.807,0.138
id02295,0.019,0.965,0.015
id08179,0.991,0.002,0.007
id05332,0.239,0.687,0.074
id15697,0.842,0.033,0.125
id17026,0.086,0.015,0.899
id04243,0.503,0.446,0.051
id13175,0.998,0.002,0.001
id05387,0.914,0.070,0.016
id19989,0.901,0.078,0.020
id25173,0.178,0.060,0.762
id08925,0.001,0.999,0.001
id03034,0.022,0.887,0.092
id13272,0.016,0.955,0.029
id07956,0.545,0.011,0.444
id02648,0.000,0.000,1.000
id01778,0.226,0.141,0.633
id12846,0.007,0.001,0.991
id19001,0.462,0.125,0.413
id05763,0.712,0.097,0.191
id15590,0.000,0.000,1.000
id04912,0.727,0.032,0.241
id21201,0.962,0.015,0.023
id13215,0.978,0.000,0.022
id15612,0.381,0.582,0.038
id18501,0.087,0.008,0.905
id07223,0.648,0.268,0.084
id06707,0.533,0.134,0.332
id05238,0.002,0.998,0.001
id00935,0.063,0.258,0.679
id00110,0.870,0.017,0.113
id17476,0.813,0.144,0.043
id15170,0.998,0.001,0.001
id13397,0.117,0.164,0.719
id24283,0.436,0.023,0.540
id15234,0.996,0.004,0.000
id16884,0.645,0.207,0.149
id07831,0.556,0.303,0.141
id16038,0.917,0.040,0.043
id03629,0.884,0.066,0.050
id21019,0.833,0.090,0.077
id21835,0.348,0.117,0.535
id04480,0.102,0.898,0.000
id20838,0.367,0.448,0.186
id24195,0.738,0.034,0.228
id05448,0.549,0.262,0.189
id15957,0.079,0.900,0.021
id19956,0.005,0.000,0.995
id15104,0.040,0.093,0.867
id17559,0.674,0.085,0.240
id16839,0.360,0.054,0.586
id14493,0.704,0.049,0.247
id08833,0.659,0.066,0.275
id15723,0.062,0.001,0.937
id02716,0.968,0.015,0.016
id06689,0.131,0.804,0.064
id18837,0.356,0.097,0.547
id04466,0.814,0.175,0.011
id00686,0.501,0.033,0.466
id09010,0.178,0.806,0.017
id23353,0.943,0.004,0.052
id00066,0.561,0.332,0.107
id15724,0.060,0.868,0.072
id23486,0.309,0.035,0.657
id22258,0.130,0.064,0.806
id02292,0.823,0.138,0.040
id16356,0.547,0.007,0.446
id00235,0.844,0.018,0.138
id25522,0.217,0.007,0.776
id04204,0.161,0.828,0.010
id22016,0.823,0.011,0.165
id06480,0.619,0.254,0.127
id08718,0.003,0.000,0.997
id05251,0.057,0.904,0.039
id03359,0.963,0.018,0.019
id16117,0.011,0.006,0.983
id17000,0.085,0.901,0.014
id01730,0.022,0.949,0.029
id00630,0.600,0.337,0.062
id18175,0.006,0.001,0.993
id00907,0.812,0.008,0.179
id18251,0.070,0.927,0.004
id25861,0.619,0.373,0.008
id00398,0.705,0.155,0.140
id27573,0.983,0.001,0.016
id10022,0.167,0.691,0.142
id15901,0.033,0.044,0.923
id00451,0.160,0.025,0.815
id23129,0.022,0.956,0.022
id26498,0.157,0.822,0.021
id14741,0.205,0.448,0.347
id18453,0.167,0.029,0.804
id08309,0.771,0.155,0.074
id00320,0.998,0.001,0.001
id07688,0.134,0.127,0.739
id01556,0.050,0.008,0.942
id00178,0.523,0.037,0.441
id18902,0.382,0.040,0.578
id27002,0.788,0.209,0.003
id21418,0.995,0.003,0.002
id23018,0.577,0.037,0.386
id07032,0.203,0.043,0.754
id16195,0.463,0.051,0.487
id11202,0.143,0.834,0.023
id09578,0.794,0.037,0.169
id26984,0.785,0.003,0.213
id19856,0.134,0.789,0.077
id12086,0.484,0.033,0.484
id12052,0.117,0.023,0.860
id17728,0.010,0.021,0.969
id24608,0.620,0.012,0.368
id21097,0.418,0.185,0.397
id20179,0.032,0.069,0.899
id15144,0.481,0.326,0.193
id00206,0.771,0.068,0.161
id22285,0.003,0.056,0.940
id06417,0.070,0.850,0.081
id00215,0.326,0.602,0.072
id04201,0.601,0.005,0.394
id21771,0.998,0.001,0.001
id12451,0.038,0.253,0.708
id14250,0.321,0.374,0.305
id03433,0.137,0.861,0.002
id03303,0.042,0.010,0.948
id25901,0.510,0.222,0.269
id06945,0.171,0.006,0.823
id05664,0.580,0.253,0.167
id05741,0.973,0.003,0.025
id10652,0.900,0.028,0.072
id16300,0.853,0.029,0.119
id12319,0.544,0.295,0.161
id07500,0.138,0.753,0.109
id12478,0.570,0.234,0.196
id03076,0.186,0.029,0.786
id00969,0.446,0.404,0.150
id23636,0.023,0.953,0.023
id09791,0.055,0.056,0.889
id05680,0.270,0.297,0.434
id03672,0.083,0.863,0.054
id04286,0.021,0.936,0.042
id23883,0.089,0.296,0.615
id11914,0.381,0.015,0.604
id20974,0.052,0.928,0.020
id26125,0.214,0.116,0.669
id15543,0.233,0.026,0.741
id19471,0.999,0.001,0.000
id11503,0.796,0.053,0.151
id09321,0.001,0.912,0.087
id25560,0.027,0.012,0.962
id06726,0.727,0.113,0.160
id05709,0.867,0.004,0.129
id09788,0.382,0.203,0.415
id05289,0.999,0.000,0.000
id11815,0.005,0.973,0.022
id22422,0.828,0.043,0.129
id25954,0.997,0.001,0.002
id13601,0.732,0.150,0.118
id05677,0.855,0.030,0.115
id10498,0.382,0.606,0.012
id02665,0.590,0.397,0.013
id10114,0.238,0.686,0.076
id26314,0.520,0.348,0.132
id21240,0.269,0.200,0.531
id15569,0.728,0.216,0.057
id25928,0.472,0.019,0.508
id22706,0.005,0.994,0.001
id20877,0.074,0.647,0.279
id04318,0.761,0.007,0.232
id18299,0.076,0.856,0.068
id08126,0.135,0.196,0.669
id14293,0.496,0.019,0.485
id12759,0.980,0.001,0.019
id11983,0.253,0.022,0.725
id05580,0.399,0.504,0.097
id25846,0.393,0.300,0.308
id01939,0.597,0.122,0.281
id26327,0.254,0.498,0.248
id11068,0.019,0.012,0.969
id08404,0.911,0.012,0.077
id27189,0.260,0.738,0.002
id15119,0.040,0.955,0.005
id26525,0.954,0.008,0.038
id03618,0.861,0.065,0.074
id27220,0.982,0.006,0.012
id18777,0.015,0.005,0.980
id20213,0.911,0.071,0.018
id20403,0.713,0.254,0.033
id03777,0.108,0.036,0.855
id10595,0.099,0.882,0.018
id13816,0.384,0.049,0.566
id05667,0.091,0.048,0.862
id24629,0.728,0.031,0.241
id20398,0.209,0.080,0.710
id14108,0.008,0.013,0.979
id06196,0.020,0.977,0.002
id02800,0.814,0.125,0.061
id18732,0.028,0.971,0.000
id11915,0.346,0.331,0.323
id09739,0.640,0.030,0.330
id24672,0.722,0.228,0.050
id00414,0.010,0.314,0.676
id16307,0.952,0.020,0.028
id14043,0.116,0.025,0.859
id00517,0.039,0.095,0.866
id09744,0.971,0.004,0.026
id19257,0.925,0.041,0.034
id15437,0.545,0.408,0.047
id16352,0.030,0.191,0.779
id18849,0.756,0.082,0.162
id19434,0.000,0.999,0.001
id17928,0.095,0.008,0.898
id16896,0.037,0.031,0.932
id02135,0.453,0.086,0.461
id15075,0.955,0.008,0.038
id27486,0.328,0.662,0.010
id19422,0.953,0.038,0.008
id09603,0.037,0.714,0.249
id02133,0.042,0.944,0.014
id03441,0.497,0.064,0.439
id02398,0.021,0.953,0.025
id05152,0.194,0.188,0.617
id17838,0.177,0.011,0.812
id25060,0.972,0.008,0.021
id09998,0.070,0.003,0.927
id01828,0.053,0.922,0.026
id25377,0.332,0.033,0.635
id22175,0.246,0.734,0.020
id02974,0.068,0.002,0.930
id26955,0.999,0.000,0.000
id21091,0.926,0.024,0.050
id12802,0.776,0.140,0.085
id07432,0.001,0.987,0.012
id18749,0.160,0.739,0.101
id15030,0.000,0.006,0.994
id17155,0.012,0.987,0.002
id08128,0.003,0.995,0.002
id25706,0.082,0.779,0.139
id15645,0.920,0.027,0.053
id04943,0.470,0.268,0.262
id27566,0.054,0.208,0.737
id11765,0.376,0.172,0.451
id13783,0.396,0.457,0.146
id00492,0.057,0.144,0.800
id27636,0.083,0.151,0.767
id04273,0.787,0.036,0.178
id02537,0.187,0.080,0.733
id24349,0.699,0.268,0.034
id00023,0.002,0.997,0.001
id23025,0.284,0.599,0.117
id08722,0.912,0.026,0.062
id02420,0.999,0.001,0.000
id10811,0.968,0.006,0.026
id04019,0.067,0.055,0.879
id18334,0.989,0.001,0.010
id16781,0.435,0.546,0.019
id08773,0.484,0.468,0.048
id19214,0.868,0.024,0.107
id09589,0.097,0.683,0.220
id24246,0.660,0.139,0.201
id23577,0.694,0.295,0.012
id09305,0.874,0.003,0.123
id16460,0.420,0.112,0.468
id21115,0.575,0.286,0.139
id25996,0.495,0.188,0.317
id02551,0.004,0.005,0.991
id19352,0.060,0.004,0.937
id03806,0.069,0.005,0.927
id26544,0.564,0.217,0.218
id18761,0.824,0.139,0.037
id24148,0.294,0.673,0.033
id16095,0.017,0.973,0.010
id18442,0.736,0.149,0.115
id22596,0.014,0.001,0.985
id23002,0.044,0.014,0.942
id04797,0.985,0.005,0.010
id06610,0.089,0.027,0.884
id16173,0.391,0.523,0.086
id18292,0.062,0.145,0.793
id27328,0.994,0.001,0.006
id01695,0.002,0.995,0.003
id05761,0.577,0.018,0.405
id16354,0.865,0.008,0.126
id12207,0.007,0.754,0.239
id05665,0.125,0.027,0.847
id01911,0.975,0.021,0.004
id19153,0.234,0.007,0.759
id10295,0.706,0.132,0.162
id23038,0.773,0.107,0.120
id23783,0.503,0.492,0.005
id27879,0.949,0.035,0.016
id19190,0.021,0.962,0.017
id05065,0.959,0.006,0.034
id21296,0.089,0.895,0.015
id13262,0.291,0.405,0.304
id10333,0.730,0.045,0.226
id16677,0.131,0.276,0.592
id01392,0.592,0.011,0.397
id27874,0.874,0.069,0.057
id02294,0.000,0.999,0.000
id18298,0.108,0.067,0.825
id06997,0.982,0.015,0.003
id05243,0.421,0.277,0.301
id00860,0.289,0.440,0.270
id26681,0.989,0.011,0.000
id06020,0.071,0.007,0.922
id27683,0.833,0.084,0.082
id17655,0.091,0.669,0.240
id08817,0.124,0.129,0.747
id11512,0.028,0.051,0.920
id00478,0.150,0.046,0.804
id02116,0.842,0.117,0.041
id06746,0.803,0.180,0.017
id03863,0.407,0.432,0.162
id01802,0.042,0.619,0.338
id11682,0.579,0.030,0.391
id04033,0.425,0.551,0.023
id09286,0.240,0.220,0.540
id12904,1.000,0.000,0.000
id07420,0.003,0.003,0.993
id22398,0.091,0.872,0.037
id00424,0.455,0.014,0.531
id20960,0.998,0.001,0.001
id10267,0.553,0.167,0.280
id19330,0.309,0.028,0.663
id00994,0.001,0.997,0.002
id10785,0.967,0.016,0.017
id00955,0.002,0.997,0.001
id09757,0.187,0.801,0.012
id10030,0.081,0.028,0.891
id22952,0.038,0.324,0.638
id21955,0.000,0.001,0.999
id07674,0.959,0.026,0.015
id13760,0.013,0.986,0.001
id18166,0.617,0.336,0.047
id23498,0.983,0.016,0.001
id05296,0.980,0.003,0.017
id26709,0.910,0.070,0.020
id02853,0.981,0.016,0.003
id06800,0.468,0.276,0.256
id14758,0.098,0.895,0.007
id12356,0.919,0.059,0.021
id21492,0.433,0.537,0.029
id27540,0.821,0.008,0.171
id07376,0.087,0.651,0.262
id15201,0.535,0.435,0.030
id23388,0.063,0.861,0.076
id13923,0.027,0.812,0.161
id00794,0.037,0.848,0.115
id23910,0.559,0.098,0.343
id02556,0.021,0.031,0.948
id22151,0.316,0.674,0.010
id11698,0.000,1.000,0.000
id11627,0.589,0.064,0.346
id06340,1.000,0.000,0.000
id05123,0.950,0.027,0.023
id26620,0.005,0.002,0.994
id04002,0.126,0.042,0.831
id26554,0.556,0.202,0.241
id18012,0.675,0.071,0.254
id12964,0.091,0.024,0.885
id18965,0.017,0.143,0.841
id19082,0.104,0.052,0.845
id26742,0.046,0.002,0.952
id15442,0.053,0.934,0.013
id16647,0.556,0.213,0.230
id11544,0.071,0.026,0.903
id20581,0.242,0.062,0.696
id13192,0.118,0.850,0.032
id15814,0.361,0.099,0.540
id26279,0.185,0.740,0.075
id00240,0.991,0.003,0.006
id22836,0.991,0.003,0.006
id15085,0.026,0.903,0.071
id17495,0.433,0.044,0.523
id26762,0.430,0.219,0.351
id13685,0.995,0.000,0.005
id16560,0.013,0.983,0.004
id17184,0.031,0.938,0.032
id21635,0.991,0.002,0.007
id26751,0.173,0.770,0.058
id12351,0.893,0.027,0.080
id14872,0.523,0.402,0.075
id18372,0.991,0.004,0.006
id26851,0.827,0.080,0.093
id22659,0.313,0.683,0.004
id04102,0.069,0.008,0.923
id02353,0.363,0.505,0.132
id26721,0.998,0.001,0.001
id11171,0.773,0.005,0.222
id13562,0.284,0.674,0.041
id26425,0.925,0.016,0.059
id26394,0.604,0.040,0.356
id22187,0.492,0.493,0.015
id00422,0.995,0.005,0.000
id22667,0.147,0.843,0.010
id00911,0.746,0.044,0.210
id17291,0.248,0.051,0.701
id01915,0.145,0.332,0.523
id01434,0.037,0.017,0.945
id01584,0.793,0.010,0.196
id09266,0.991,0.004,0.005
id17494,0.008,0.971,0.021
id24919,0.290,0.099,0.610
id21043,0.071,0.098,0.831
id17796,0.099,0.895,0.006
id02166,0.742,0.017,0.241
id17503,0.706,0.003,0.292
id21203,0.204,0.091,0.705
id25626,0.998,0.002,0.000
id09836,0.980,0.003,0.018
id24202,0.020,0.028,0.952
id27260,0.354,0.001,0.645
id23167,0.047,0.001,0.952
id10393,0.015,0.920,0.065
id01171,0.950,0.049,0.001
id06380,0.847,0.035,0.118
id22686,0.159,0.012,0.828
id26250,0.163,0.025,0.811
id09315,0.355,0.494,0.152
id00886,0.077,0.915,0.008
id03101,0.820,0.010,0.170
id12367,0.537,0.110,0.353
id10770,0.981,0.006,0.013
id14949,0.005,0.995,0.000
id14141,0.539,0.441,0.020
id25417,0.549,0.333,0.118
id26873,0.842,0.052,0.106
id10818,0.384,0.038,0.578
id15146,0.699,0.021,0.280
id23328,0.852,0.058,0.089
id16765,0.462,0.263,0.275
id24383,0.971,0.002,0.026
id21304,0.813,0.160,0.027
id12551,0.066,0.848,0.086
id23274,0.018,0.040,0.943
id08117,0.743,0.040,0.217
id23961,0.941,0.005,0.054
id13865,0.003,0.989,0.008
id22807,0.448,0.048,0.504
id08951,0.036,0.016,0.949
id18684,0.991,0.005,0.004
id25179,0.501,0.453,0.046
id27033,0.300,0.022,0.678
id13977,0.030,0.912,0.058
id19337,0.024,0.885,0.091
id25764,0.096,0.882,0.022
id16106,0.450,0.065,0.485
id05468,0.035,0.006,0.960
id05241,0.877,0.072,0.052
id10215,0.528,0.383,0.090
id23457,0.035,0.006,0.958
id02200,0.852,0.082,0.067
id13714,0.007,0.988,0.004
id20332,0.008,0.002,0.990
id18573,0.157,0.115,0.728
id08569,0.984,0.006,0.009
id22767,0.801,0.156,0.043
id25390,0.006,0.668,0.326
id09288,0.882,0.003,0.115
id12381,0.999,0.001,0.000
id02895,0.090,0.014,0.896
id25270,0.025,0.007,0.969
id14248,0.455,0.020,0.524
id12831,0.792,0.003,0.205
id18305,0.364,0.050,0.585
id07805,0.975,0.012,0.013
id14027,0.066,0.028,0.906
id02760,0.879,0.031,0.090
id24362,0.971,0.010,0.019
id17065,0.224,0.773,0.003
id26583,0.010,0.927,0.063
id19664,0.866,0.134,0.001
id25145,0.780,0.183,0.037
id17858,0.119,0.859,0.022
id05148,0.083,0.133,0.783
id22928,0.917,0.042,0.041
id21549,0.335,0.004,0.661
id12649,0.117,0.863,0.021
id21597,0.913,0.026,0.061
id27945,0.954,0.010,0.037
id00243,0.989,0.000,0.011
id02745,0.603,0.029,0.368
id23550,0.007,0.003,0.990
id13023,0.156,0.001,0.843
id24796,0.233,0.011,0.756
id12284,0.064,0.899,0.037
id02664,0.001,0.990,0.009
id23767,0.965,0.019,0.016
id05859,0.022,0.782,0.196
id14350,0.273,0.205,0.521
id01191,0.602,0.359,0.039
id17034,0.513,0.022,0.465
id25292,0.795,0.202,0.003
id22121,0.942,0.037,0.021
id20872,1.000,0.000,0.000
id17720,0.018,0.952,0.030
id22658,0.121,0.865,0.015
id09567,0.795,0.131,0.074
id16445,0.989,0.005,0.006
id08349,0.112,0.411,0.477
id27437,0.124,0.208,0.667
id03812,0.996,0.002,0.002
id22304,0.662,0.111,0.227
id04449,0.406,0.564,0.030
id15605,0.631,0.097,0.271
id01768,0.782,0.010,0.209
id20019,0.059,0.759,0.182
id09593,0.030,0.862,0.108
id23179,0.727,0.024,0.250
id21279,0.850,0.067,0.083
id06711,0.237,0.001,0.762
id14243,0.012,0.903,0.085
id04839,0.047,0.072,0.881
id17220,0.054,0.852,0.094
id24177,0.851,0.081,0.068
id20512,0.498,0.083,0.419
id14036,0.039,0.953,0.008
id25001,0.055,0.109,0.836
id06175,0.110,0.888,0.002
id24720,0.394,0.553,0.053
id08070,0.925,0.059,0.015
id18934,0.997,0.002,0.001
id01338,0.988,0.000,0.012
id19008,0.003,0.994,0.003
id19632,0.099,0.651,0.250
id26224,0.081,0.020,0.899
id08219,0.885,0.022,0.093
id24008,0.020,0.003,0.977
id12475,0.609,0.275,0.115
id05766,0.343,0.076,0.581
id27386,0.000,1.000,0.000
id12476,0.052,0.847,0.101
id08311,0.945,0.050,0.005
id04996,0.180,0.813,0.007
id17350,0.841,0.123,0.036
id05546,0.083,0.906,0.011
id16504,0.273,0.694,0.032
id05782,0.000,0.000,1.000
id20560,0.833,0.150,0.017
id14171,0.108,0.125,0.767
id27461,0.641,0.022,0.337
id03581,0.074,0.061,0.865
id21847,0.004,0.001,0.995
id11712,0.700,0.246,0.054
id26738,0.060,0.012,0.928
id13668,0.985,0.013,0.003
id15114,0.954,0.016,0.030
id20130,0.383,0.112,0.505
id18331,0.592,0.087,0.320
id24465,1.000,0.000,0.000
id13539,0.779,0.197,0.024
id27564,0.046,0.816,0.138
id26043,0.275,0.003,0.722
id04965,0.001,0.001,0.998
id08645,0.092,0.062,0.846
id26610,0.404,0.057,0.539
id21737,0.460,0.496,0.045
id25784,0.000,0.868,0.132
id23030,0.748,0.188,0.064
id16450,0.055,0.740,0.205
id02161,0.230,0.015,0.756
id25535,0.989,0.001,0.010
id16566,0.798,0.118,0.084
id05714,0.826,0.171,0.003
id16524,0.447,0.523,0.030
id23941,0.008,0.992,0.000
id00831,0.016,0.375,0.608
id18145,0.587,0.041,0.372
id17227,1.000,0.000,0.000
id09417,0.719,0.104,0.178
id21307,0.800,0.041,0.159
id05650,0.001,0.951,0.048
id23901,0.815,0.085,0.099
id05831,0.988,0.000,0.012
id16708,0.156,0.833,0.011
id02281,0.104,0.160,0.736
id11599,0.557,0.196,0.248
id18353,0.065,0.825,0.110
id07413,0.799,0.100,0.101
id15653,0.064,0.867,0.070
id09715,0.017,0.002,0.982
id05108,0.323,0.674,0.003
id09537,0.462,0.120,0.418
id27596,0.948,0.043,0.010
id24255,0.110,0.030,0.861
id05080,0.035,0.089,0.876
id09484,0.823,0.003,0.174
id14864,0.017,0.002,0.981
id26836,0.713,0.120,0.167
id07003,0.430,0.154,0.416
id13750,0.002,0.997,0.001
id21799,0.174,0.252,0.574
id11285,1.000,0.000,0.000
id04735,0.961,0.012,0.027
id23049,0.003,0.002,0.995
id05826,0.398,0.565,0.037
id17916,0.106,0.603,0.291
id14081,0.652,0.024,0.324
id10527,0.330,0.001,0.669
id16059,0.024,0.950,0.026
id25542,0.984,0.006,0.011
id05402,0.001,0.001,0.998
id01927,0.880,0.015,0.105
id27656,0.480,0.052,0.468
id06708,0.201,0.284,0.515
id03524,0.767,0.184,0.049
id12297,0.708,0.004,0.288
id03439,0.999,0.001,0.001
id04587,0.033,0.915,0.052
id25470,0.013,0.986,0.001
id01212,0.275,0.647,0.078
id13932,0.774,0.180,0.045
id00124,0.135,0.004,0.861
id01592,0.833,0.060,0.106
id13461,0.549,0.380,0.071
id24681,0.015,0.536,0.449
id23245,0.285,0.007,0.708
id14073,0.195,0.046,0.760
id05172,0.997,0.000,0.002
id21979,0.957,0.025,0.018
id00328,0.855,0.008,0.137
id26102,0.845,0.101,0.054
id14867,0.230,0.155,0.615
id27544,0.359,0.618,0.023
id16228,0.876,0.009,0.116
id16342,0.502,0.464,0.034
id24933,0.984,0.009,0.006
id04601,0.642,0.135,0.223
id01599,0.012,0.911,0.077
id06238,0.945,0.041,0.014
id06826,0.318,0.319,0.363
id23307,0.724,0.259,0.017
id13575,0.968,0.012,0.020
id24174,0.272,0.091,0.638
id19534,0.059,0.081,0.860
id19602,0.093,0.000,0.907
id26962,0.006,0.857,0.137
id04448,0.051,0.911,0.038
id09786,0.475,0.425,0.100
id25240,0.303,0.639,0.058
id14893,0.873,0.113,0.014
id24221,0.929,0.041,0.030
id04696,0.592,0.020,0.388
id15153,0.061,0.219,0.720
id13882,0.000,0.999,0.001
id17836,0.312,0.470,0.218
id00574,0.172,0.754,0.073
id02078,0.002,0.608,0.390
id21206,0.071,0.904,0.025
id20084,0.976,0.000,0.023
id26598,0.031,0.032,0.937
id06838,0.041,0.067,0.892
id08786,0.434,0.117,0.449
id09550,0.032,0.005,0.963
id10206,0.982,0.004,0.014
id21113,0.419,0.247,0.334
id21151,0.334,0.660,0.006
id02692,0.992,0.004,0.004
id26446,0.864,0.025,0.111
id07377,0.063,0.936,0.001
id15998,0.708,0.238,0.054
id19637,0.639,0.016,0.345
id19735,0.206,0.605,0.189
id13739,0.121,0.004,0.876
id25175,0.529,0.310,0.161
id00563,0.194,0.234,0.572
id09982,0.856,0.010,0.134
id15459,0.011,0.989,0.000
id20785,0.019,0.002,0.979
id07145,0.017,0.214,0.769
id22204,0.015,0.926,0.059
id09285,0.752,0.015,0.232
id18157,0.037,0.036,0.928
id12134,0.124,0.090,0.786
id23914,0.914,0.046,0.041
id10483,1.000,0.000,0.000
id07092,0.962,0.006,0.032
id14786,0.346,0.433,0.221
id25741,0.914,0.009,0.077
id09050,0.058,0.940,0.002
id04938,0.882,0.025,0.093
id05901,0.368,0.064,0.567
id16975,0.004,0.992,0.005
id08547,0.011,0.001,0.989
id16355,0.852,0.006,0.142
id14568,0.712,0.055,0.234
id25599,0.165,0.601,0.234
id01670,0.298,0.700,0.002
id23945,0.415,0.583,0.002
id17394,0.080,0.006,0.914
id06501,0.266,0.672,0.062
id26234,0.327,0.596,0.077
id21280,0.270,0.011,0.720
id20048,0.063,0.097,0.840
id01216,0.633,0.220,0.147
id25320,0.989,0.000,0.011
id22833,0.485,0.121,0.393
id22056,0.505,0.373,0.122
id02275,0.150,0.828,0.022
id26127,0.217,0.014,0.769
id17011,0.129,0.840,0.031
id13847,0.897,0.046,0.058
id00013,0.013,0.958,0.029
id16463,0.924,0.027,0.049
id04845,0.073,0.781,0.146
id01787,0.014,0.113,0.874
id08637,0.912,0.042,0.045
id11414,0.049,0.007,0.945
id13177,0.264,0.328,0.408
id24517,0.647,0.087,0.266
id26838,0.902,0.048,0.050
id23081,0.001,0.999,0.000
id16327,0.134,0.671,0.195
id27282,0.025,0.961,0.014
id07489,0.563,0.109,0.327
id01718,0.004,0.002,0.993
id15441,0.786,0.075,0.140
id27736,0.122,0.585,0.293
id16324,0.161,0.154,0.685
id12027,0.473,0.104,0.423
id24653,0.035,0.955,0.011
id17541,0.059,0.014,0.927
id22406,0.110,0.728,0.162
id18356,0.738,0.048,0.214
id04505,0.342,0.146,0.513
id04246,0.275,0.323,0.402
id07368,0.673,0.163,0.164
id26185,0.068,0.008,0.923
id08878,0.237,0.191,0.571
id27691,0.016,0.005,0.979
id18004,0.577,0.202,0.221
id24426,0.835,0.015,0.149
id14164,0.999,0.001,0.000
id12653,0.002,0.991,0.007
id18060,0.377,0.110,0.513
id18556,0.802,0.048,0.150
id27371,0.192,0.044,0.764
id11989,0.040,0.859,0.101
id26095,0.995,0.004,0.001
id24978,0.346,0.185,0.470
id20322,0.321,0.179,0.499
id01954,0.978,0.013,0.009
id07434,0.389,0.053,0.558
id18144,0.150,0.025,0.825
id16250,0.032,0.956,0.011
id17793,0.072,0.007,0.921
id24067,0.403,0.010,0.588
id13891,0.441,0.003,0.556
id07334,0.027,0.960,0.013
id15633,0.004,0.948,0.048
id23239,0.962,0.022,0.016
id10674,0.252,0.059,0.689
id22093,0.831,0.082,0.086
id08444,0.213,0.420,0.367
id03257,0.028,0.140,0.832
id10040,0.278,0.713,0.009
id04902,0.001,0.000,0.999
id01219,0.925,0.048,0.027
id01340,0.988,0.007,0.005
id05117,0.133,0.826,0.041
id04908,0.143,0.083,0.774
id03626,0.216,0.040,0.744
id01888,0.972,0.019,0.010
id17199,0.062,0.010,0.928
id11200,0.333,0.333,0.333
id27561,0.328,0.028,0.644
id20966,0.014,0.971,0.015
id10257,0.017,0.973,0.010
id21168,0.025,0.675,0.301
id23363,0.165,0.008,0.827
id05321,0.907,0.058,0.035
id09928,0.171,0.009,0.821
id18015,0.975,0.013,0.012
id02082,0.271,0.715,0.014
id19279,0.864,0.034,0.101
id08541,0.283,0.665,0.052
id15249,0.045,0.928,0.028
id03609,0.177,0.602,0.221
id22902,0.066,0.022,0.911
id17733,0.943,0.048,0.010
id07554,0.185,0.053,0.762
id14120,0.709,0.121,0.171
id21802,0.420,0.537,0.043
id15614,0.031,0.966,0.003
id19437,0.068,0.016,0.915
id22698,0.961,0.008,0.031
id21841,0.001,0.883,0.115
id16177,0.747,0.199,0.053
id15887,0.120,0.017,0.864
id22629,0.754,0.112,0.134
id10346,0.848,0.133,0.019
id05154,0.962,0.013,0.025
id22913,0.775,0.217,0.008
id10544,0.459,0.343,0.199
id08703,0.060,0.939,0.001
id12817,0.099,0.006,0.895
id25433,0.956,0.005,0.039
id25112,0.227,0.005,0.768
id05054,0.314,0.669,0.017
id02311,0.339,0.476,0.184
id22160,0.077,0.682,0.241
id17422,0.959,0.005,0.036
id18985,0.694,0.108,0.198
id21905,0.003,0.001,0.996
id17474,0.961,0.015,0.023
id15236,0.008,0.979,0.013
id13964,0.824,0.028,0.149
id15962,0.001,0.999,0.000
id20866,0.092,0.080,0.829
id06625,0.398,0.472,0.130
id09793,0.229,0.019,0.752
id17365,0.035,0.960,0.006
id18463,0.097,0.900,0.003
id20693,0.082,0.674,0.244
id08785,0.201,0.786,0.013
id06783,0.026,0.953,0.021
id23178,0.188,0.066,0.746
id13513,0.042,0.888,0.070
id25361,0.106,0.012,0.882
id22319,0.423,0.133,0.444
id14024,0.292,0.113,0.595
id24186,0.040,0.797,0.164
id20965,0.896,0.015,0.089
id06242,0.103,0.006,0.891
id25665,0.047,0.112,0.841
id09706,0.439,0.034,0.527
id11026,0.003,0.985,0.012
id04223,0.845,0.036,0.119
id19674,0.037,0.926,0.037
id23420,0.094,0.441,0.465
id18059,0.020,0.910,0.070
id22576,0.973,0.013,0.013
id18495,0.001,0.999,0.001
id14139,0.994,0.001,0.006
id18313,0.014,0.932,0.054
id27356,0.939,0.004,0.057
id16035,0.620,0.006,0.374
id04182,0.446,0.155,0.399
id15667,0.979,0.015,0.006
id08713,0.983,0.005,0.012
id25563,0.008,0.959,0.033
id17023,0.972,0.023,0.005
id03014,0.001,0.921,0.079
id23812,0.105,0.861,0.034
id20057,0.124,0.629,0.246
id12385,0.692,0.145,0.162
id24416,0.346,0.650,0.005
id15672,0.054,0.727,0.218
id13868,0.595,0.376,0.029
id21095,0.238,0.014,0.748
id05305,0.113,0.740,0.147
id15384,0.036,0.039,0.925
id14049,0.077,0.004,0.919
id23441,0.860,0.111,0.029
id12856,0.080,0.001,0.919
id16055,0.083,0.002,0.916
id24771,0.458,0.452,0.090
id14053,0.757,0.030,0.213
id19547,0.094,0.194,0.712
id03639,0.277,0.706,0.016
id14546,0.582,0.399,0.019
id13935,0.745,0.023,0.232
id20335,0.343,0.609,0.047
id07301,0.291,0.097,0.612
id10186,0.916,0.007,0.077
id00192,0.641,0.160,0.199
id17851,0.983,0.015,0.002
id08403,0.382,0.490,0.128
id06183,0.357,0.152,0.491
id24738,0.434,0.435,0.131
id15112,0.992,0.000,0.008
id19819,0.195,0.006,0.800
id17722,0.023,0.178,0.799
id24273,0.011,0.595,0.393
id18939,0.408,0.005,0.587
id16076,0.476,0.466,0.058
id23158,0.355,0.171,0.474
id12745,0.925,0.017,0.059
id22538,0.421,0.449,0.129
id14975,0.026,0.895,0.079
id27537,0.931,0.056,0.012
id06632,0.156,0.001,0.843
id08100,0.051,0.946,0.003
id00843,0.974,0.002,0.024
id22159,0.242,0.137,0.622
id18672,0.729,0.006,0.266
id06916,0.476,0.450,0.074
id22212,0.673,0.055,0.271
id00273,0.151,0.019,0.830
id26325,0.461,0.345,0.194
id23683,0.437,0.558,0.004
id14419,0.210,0.748,0.042
id11931,0.000,1.000,0.000
id00568,0.309,0.502,0.188
id12271,0.988,0.008,0.004
id12622,0.950,0.026,0.024
id03156,0.237,0.536,0.227
id25592,0.919,0.051,0.029
id24367,0.991,0.005,0.003
id16007,0.192,0.029,0.779
id04785,0.686,0.117,0.197
id07888,0.028,0.087,0.886
id13557,0.178,0.812,0.010
id20726,0.879,0.034,0.087
id09580,0.975,0.005,0.021
id05173,0.025,0.974,0.000
id10394,0.073,0.895,0.031
id03926,0.074,0.654,0.272
id07264,0.452,0.170,0.378
id01862,0.063,0.718,0.219
id20808,0.194,0.775,0.032
id26658,0.567,0.283,0.150
id04479,0.297,0.021,0.682
id17445,0.083,0.870,0.047
id04430,0.228,0.757,0.015
id06052,0.293,0.002,0.706
id11485,0.565,0.059,0.376
id13060,0.111,0.050,0.838
id20873,0.722,0.103,0.175
id21927,0.356,0.639,0.005
id02736,0.673,0.058,0.269
id11234,0.130,0.120,0.750
id27894,0.839,0.000,0.161
id23208,0.052,0.114,0.834
id18470,0.346,0.393,0.261
id23172,0.015,0.979,0.007
id08752,0.697,0.053,0.250
id14242,0.612,0.061,0.328
id22908,0.614,0.018,0.368
id17454,0.352,0.371,0.277
id23797,0.808,0.058,0.134
id03788,0.860,0.031,0.108
id23682,0.098,0.156,0.746
id07179,0.938,0.058,0.004
id09746,0.079,0.919,0.002
id26613,0.141,0.219,0.639
id05142,0.959,0.027,0.014
id04825,0.009,0.961,0.030
id13691,0.569,0.025,0.406
id14183,0.002,0.000,0.998
id19519,0.383,0.055,0.562
id26685,0.204,0.004,0.792
id07937,0.137,0.492,0.371
id10574,0.013,0.966,0.021
id15310,0.000,0.993,0.007
id27311,0.001,0.071,0.928
id11590,0.859,0.069,0.072
id19798,0.027,0.688,0.285
id12201,0.927,0.041,0.032
id12460,0.304,0.042,0.654
id12019,0.846,0.149,0.005
id08046,0.039,0.090,0.871
id02989,0.219,0.297,0.483
id26905,0.049,0.178,0.773
id09779,1.000,0.000,0.000
id04359,0.487,0.197,0.316
id01526,0.994,0.002,0.004
id22325,0.385,0.446,0.168
id27878,0.248,0.198,0.554
id06413,0.017,0.961,0.022
id12616,0.027,0.803,0.170
id05301,0.961,0.031,0.008
id13258,0.326,0.032,0.641
id08789,0.131,0.854,0.015
id11776,0.014,0.985,0.001
id21899,0.660,0.337,0.003
id18108,0.238,0.095,0.666
id23585,0.508,0.126,0.366
id22122,0.128,0.010,0.862
id22855,0.634,0.088,0.278
id19551,0.690,0.057,0.253
id18535,0.009,0.955,0.037
id15115,0.308,0.016,0.675
id00678,0.940,0.015,0.045
id21876,0.115,0.730,0.156
id01553,0.723,0.022,0.256
id09456,0.449,0.007,0.544
id01455,0.066,0.383,0.551
id02454,0.047,0.947,0.006
id07911,0.529,0.017,0.454
id13383,0.990,0.006,0.004
id19953,0.805,0.029,0.166
id10316,0.790,0.079,0.131
id01991,0.781,0.013,0.206
id19176,0.996,0.002,0.002
id06744,0.200,0.100,0.700
id09999,0.154,0.264,0.582
id11253,0.045,0.026,0.929
id15089,0.076,0.824,0.101
id16821,0.091,0.028,0.881
id08256,0.978,0.002,0.021
id14844,0.730,0.101,0.169
id25950,0.032,0.945,0.024
id11961,0.002,0.877,0.121
id00092,0.031,0.009,0.960
id13083,0.235,0.408,0.357
id25825,0.778,0.175,0.047
id03045,0.035,0.012,0.953
id19037,0.553,0.160,0.287
id24357,0.013,0.019,0.968
id24449,0.410,0.303,0.288
id22847,0.003,0.996,0.001
id27720,0.983,0.003,0.014
id11619,0.559,0.329,0.112
id03129,0.989,0.001,0.011
id04264,0.032,0.946,0.022
id19748,0.147,0.083,0.770
id20851,0.052,0.044,0.904
id13277,0.992,0.004,0.004
id06419,0.005,0.995,0.000
id00581,0.876,0.029,0.095
id08765,0.713,0.002,0.285
id13492,0.157,0.189,0.654
id12049,0.028,0.970,0.002
id12700,0.788,0.053,0.159
id07697,0.999,0.000,0.001
id00262,0.001,0.999,0.000
id20969,0.101,0.794,0.105
id18465,0.016,0.020,0.964
id10027,0.000,0.999,0.001
id03007,0.037,0.809,0.155
id23465,0.268,0.144,0.587
id09086,0.730,0.163,0.106
id08015,0.088,0.793,0.119
id04285,0.579,0.040,0.381
id04356,0.001,0.001,0.999
id03554,0.360,0.512,0.128
id06922,0.720,0.072,0.209
id15733,0.009,0.898,0.093
id24934,0.089,0.056,0.855
id05529,0.912,0.022,0.067
id00298,0.151,0.695,0.154
id08158,0.893,0.052,0.054
id15135,0.128,0.260,0.612
id06574,0.607,0.155,0.238
id20017,0.000,1.000,0.000
id14386,0.228,0.075,0.696
id24226,0.788,0.067,0.145
id24212,0.602,0.184,0.215
id14116,0.015,0.005,0.980
id14500,0.508,0.009,0.483
id22744,0.144,0.152,0.704
id16163,0.999,0.000,0.001
id17883,0.994,0.001,0.005
id04631,0.057,0.223,0.720
id26517,0.441,0.052,0.506
id12655,0.116,0.791,0.094
id01505,0.692,0.111,0.198
id00104,0.124,0.127,0.749
id20387,0.559,0.376,0.065
id02843,0.022,0.020,0.958
id04361,0.372,0.028,0.600
id26813,0.967,0.012,0.021
id01466,0.199,0.659,0.142
id17090,0.090,0.893,0.017
id06691,0.198,0.004,0.798
id09408,0.969,0.020,0.012
id15285,0.996,0.001,0.002
id16283,0.995,0.003,0.002
id12607,0.958,0.004,0.037
id25965,0.551,0.026,0.423
id07268,0.011,0.985,0.005
id13529,0.002,0.005,0.993
id11969,0.003,0.906,0.090
id20299,0.001,0.996,0.003
id08770,0.035,0.009,0.956
id20730,0.743,0.007,0.250
id06333,0.000,1.000,0.000
id27451,0.991,0.002,0.007
id12111,0.268,0.008,0.724
id06609,0.250,0.023,0.726
id12299,0.997,0.001,0.002
id23264,0.998,0.001,0.001
id04222,0.172,0.691,0.137
id17229,0.189,0.809,0.002
id24365,0.027,0.099,0.874
id18294,0.028,0.951,0.022
id04493,0.959,0.032,0.008
id27575,0.996,0.004,0.001
id03801,0.703,0.018,0.278
id11611,0.025,0.263,0.712
id01632,0.251,0.003,0.746
id06510,0.566,0.211,0.223
id20431,0.414,0.295,0.291
id23529,0.920,0.053,0.027
id13951,0.028,0.043,0.929
id00803,0.150,0.848,0.002
id06737,0.899,0.054,0.047
id24288,0.474,0.181,0.346
id08385,0.078,0.916,0.006
id22859,0.028,0.914,0.058
id22234,0.644,0.032,0.324
id10365,0.039,0.941,0.019
id00865,0.107,0.075,0.819
id19405,0.073,0.056,0.871
id11246,0.083,0.003,0.914
id19587,0.013,0.035,0.953
id24614,0.047,0.811,0.142
id23623,0.993,0.004,0.003
id15271,0.437,0.009,0.554
id20478,0.071,0.009,0.920
id25277,0.761,0.030,0.208
id22004,0.899,0.006,0.096
id16728,0.024,0.968,0.008
id06907,0.635,0.258,0.107
id11895,0.017,0.962,0.021
id13802,0.454,0.364,0.182
id18459,0.070,0.912,0.018
id21371,0.451,0.366,0.182
id11408,0.299,0.654,0.047
id05442,0.641,0.315,0.044
id21499,0.063,0.022,0.915
id18066,0.355,0.418,0.226
id23617,0.149,0.059,0.791
id07725,0.101,0.034,0.865
id24627,0.383,0.071,0.546
id19108,0.972,0.026,0.002
id11800,0.064,0.083,0.853
id14588,0.719,0.014,0.267
id27474,0.906,0.069,0.026
id07924,0.973,0.002,0.024
id10772,0.982,0.004,0.014
id19235,0.189,0.116,0.695
id13647,0.385,0.493,0.122
id08673,0.969,0.000,0.031
id24850,0.005,0.995,0.000
id11764,0.833,0.016,0.151
id05197,0.181,0.755,0.064
id23600,0.240,0.038,0.722
id14699,0.034,0.956,0.010
id26801,0.599,0.025,0.376
id25664,0.658,0.337,0.005
id07809,0.982,0.005,0.014
id13081,0.000,0.001,0.999
id11381,0.057,0.340,0.603
id14721,0.335,0.214,0.451
id07800,0.850,0.015,0.135
id13883,0.708,0.229,0.063
id04488,0.359,0.345,0.296
id03530,0.292,0.050,0.658
id15823,0.125,0.008,0.867
id11701,0.061,0.009,0.930
id07806,0.004,0.982,0.014
id19036,0.006,0.947,0.047
id20765,0.750,0.104,0.146
id26691,0.179,0.140,0.682
id02642,0.001,0.003,0.996
id06475,0.701,0.284,0.015
id19019,0.841,0.117,0.041
id14616,0.017,0.005,0.978
id08537,0.900,0.040,0.059
id19126,0.034,0.020,0.946
id01774,0.006,0.019,0.975
id08623,0.635,0.151,0.214
id17150,0.040,0.004,0.956
id06325,0.006,0.005,0.989
id23161,0.197,0.325,0.478
id09876,0.010,0.000,0.989
id01551,0.963,0.005,0.032
id12334,0.020,0.958,0.022
id03577,0.251,0.020,0.730
id20706,0.992,0.001,0.006
id23704,0.011,0.907,0.082
id10029,0.105,0.876,0.019
id19600,0.003,0.993,0.003
id22367,0.082,0.912,0.006
id12262,0.965,0.008,0.027
id09698,0.038,0.954,0.008
id10919,0.999,0.000,0.001
id12508,0.157,0.628,0.216
id16206,0.802,0.038,0.160
id25927,0.044,0.010,0.947
id23189,0.294,0.703,0.003
id00406,0.018,0.948,0.034
id01257,0.209,0.557,0.234
id15147,0.998,0.000,0.002
id24692,0.755,0.083,0.161
id02919,0.256,0.699,0.046
id00339,0.215,0.712,0.073
id20981,0.047,0.912,0.041
id00658,0.857,0.023,0.120
id02255,0.121,0.248,0.632
id13282,0.901,0.035,0.063
id13189,0.331,0.250,0.419
id07267,0.999,0.001,0.000
id05272,0.410,0.070,0.520
id22653,0.320,0.471,0.209
id06894,0.361,0.003,0.635
id21657,0.289,0.688,0.023
id00430,0.076,0.526,0.398
id21655,0.129,0.268,0.604
id04764,0.896,0.019,0.085
id08665,0.341,0.031,0.627
id20985,0.087,0.015,0.897
id08095,0.415,0.486,0.098
id12015,0.992,0.007,0.001
id13210,0.298,0.600,0.102
id24937,0.309,0.332,0.359
id03675,0.001,0.996,0.002
id26951,0.847,0.040,0.113
id06104,0.018,0.027,0.955
id20105,0.157,0.825,0.018
id20441,0.008,0.000,0.992
id05660,0.999,0.001,0.001
id04078,0.060,0.060,0.880
id26101,0.058,0.015,0.927
id10144,0.002,0.998,0.000
id15096,0.061,0.001,0.938
id11903,0.392,0.391,0.217
id24093,0.004,0.023,0.973
id06388,0.336,0.124,0.540
id01203,0.831,0.054,0.115
id18448,0.938,0.004,0.058
id10382,0.545,0.265,0.190
id25109,0.153,0.101,0.746
id15526,0.161,0.011,0.829
id09411,0.972,0.009,0.020
id03937,0.039,0.020,0.940
id09740,0.069,0.014,0.917
id11584,0.567,0.273,0.159
id06135,0.939,0.009,0.052
id22666,0.911,0.048,0.041
id03104,0.999,0.001,0.000
id21763,0.245,0.475,0.280
id26344,0.040,0.007,0.953
id11819,0.696,0.271,0.033
id20309,0.037,0.956,0.007
id12751,0.749,0.115,0.136
id16205,0.158,0.097,0.744
id07347,0.046,0.049,0.905
id20347,0.056,0.905,0.039
id05696,0.046,0.037,0.917
id04648,0.537,0.321,0.142
id19654,0.484,0.375,0.141
id03991,0.261,0.042,0.698
id05523,0.103,0.248,0.649
id27445,0.995,0.001,0.003
id27516,0.008,0.991,0.000
id13992,0.003,0.000,0.996
id02429,0.008,0.019,0.972
id01682,0.058,0.825,0.116
id20561,0.993,0.003,0.004
id26906,0.990,0.003,0.007
id01724,0.556,0.065,0.379
id25283,0.410,0.088,0.503
id06926,0.849,0.043,0.107
id13887,0.830,0.161,0.010
id07530,0.841,0.157,0.002
id13460,0.990,0.009,0.002
id14695,0.233,0.760,0.007
id08133,0.661,0.039,0.300
id06364,0.244,0.021,0.734
id22368,0.004,0.995,0.001
id04855,0.005,0.922,0.074
id14016,0.213,0.544,0.242
id25801,0.042,0.949,0.010
id16241,0.124,0.017,0.860
id01120,0.881,0.109,0.010
id00058,0.630,0.295,0.075
id24503,0.116,0.316,0.568
id03213,0.052,0.933,0.015
id06040,0.852,0.003,0.145
id26219,0.017,0.687,0.296
id23723,0.030,0.941,0.030
id17565,0.413,0.171,0.416
id02243,0.591,0.316,0.093
id04802,0.971,0.006,0.023
id07148,0.206,0.000,0.793
id16071,0.967,0.030,0.003
id14810,0.438,0.018,0.544
id15386,0.912,0.068,0.020
id14768,0.877,0.100,0.023
id05056,0.987,0.005,0.008
id27065,0.153,0.149,0.698
id27245,0.127,0.421,0.452
id25911,0.803,0.048,0.149
id10581,0.923,0.060,0.016
id21852,0.823,0.034,0.143
id13922,0.392,0.533,0.076
id21904,0.118,0.463,0.418
id25974,0.121,0.000,0.879
id03323,0.066,0.814,0.119
id01385,0.561,0.210,0.229
id20469,0.909,0.040,0.050
id04281,0.157,0.494,0.349
id17752,0.360,0.510,0.129
id27768,0.906,0.051,0.044
id15545,0.014,0.911,0.075
id27853,0.090,0.001,0.909
id10103,0.946,0.003,0.051
id04374,0.000,0.000,1.000
id23102,0.474,0.431,0.095
id15727,0.205,0.020,0.775
id22643,0.235,0.021,0.744
id26174,0.105,0.014,0.882
id16776,0.030,0.969,0.002
id11156,0.943,0.011,0.045
id18288,0.010,0.001,0.989
id21487,0.268,0.236,0.496
id06888,0.246,0.208,0.546
id24094,0.565,0.150,0.284
id21383,0.086,0.569,0.345
id10309,0.116,0.073,0.811
id09189,0.503,0.192,0.305
id26844,0.334,0.037,0.629
id02103,0.574,0.006,0.419
id13699,0.079,0.002,0.919
id05005,0.002,0.001,0.997
id19814,0.894,0.097,0.009
id24703,0.766,0.030,0.204
id04594,0.003,0.001,0.996
id13789,0.909,0.037,0.054
id01938,0.008,0.983,0.009
id24274,0.764,0.046,0.190
id13727,0.981,0.006,0.013
id19335,0.050,0.001,0.950
id21064,0.115,0.008,0.877
id04044,0.008,0.762,0.230
id01696,0.493,0.114,0.393
id05601,0.028,0.097,0.875
id13591,0.895,0.007,0.098
id09164,0.065,0.909,0.026
id16563,0.065,0.059,0.876
id00380,0.538,0.229,0.233
id04612,0.185,0.078,0.736
id17341,0.241,0.032,0.726
id23426,0.061,0.890,0.050
id02177,0.951,0.004,0.045
id24279,0.023,0.006,0.971
id07226,0.899,0.079,0.022
id23305,0.203,0.062,0.735
id00684,0.504,0.057,0.439
id22025,0.001,0.002,0.997
id26143,0.774,0.159,0.067
id12002,0.123,0.165,0.713
id04610,0.658,0.311,0.031
id27224,0.233,0.004,0.763
id10716,0.429,0.469,0.101
id14057,0.753,0.202,0.044
id14982,0.998,0.000,0.002
id00401,0.624,0.064,0.312
id12248,0.978,0.007,0.015
id04641,0.971,0.012,0.016
id01658,0.584,0.007,0.409
id03153,0.136,0.688,0.176
id27961,0.897,0.010,0.092
id15984,0.997,0.002,0.001
id01789,0.948,0.048,0.003
id27264,0.022,0.011,0.967
id05158,0.026,0.086,0.888
id14265,0.534,0.240,0.226
id20696,0.981,0.010,0.009
id01133,0.167,0.083,0.750
id24953,0.591,0.371,0.038
id11298,0.153,0.006,0.841
id20917,0.281,0.508,0.210
id25275,0.082,0.898,0.020
id00850,0.700,0.003,0.296
id23225,0.003,0.997,0.000
id15602,0.211,0.154,0.635
id12160,0.112,0.075,0.813
id25388,0.010,0.988,0.001
id13837,0.125,0.873,0.003
id06804,0.055,0.090,0.856
id19978,0.521,0.335,0.144
id27563,0.005,0.007,0.988
id23762,0.759,0.196,0.045
id22734,0.024,0.907,0.070
id09094,0.265,0.391,0.344
id27270,0.029,0.875,0.095
id05043,0.325,0.572,0.103
id15290,0.121,0.872,0.008
id26333,0.955,0.043,0.002
id26111,0.674,0.311,0.016
id23029,0.014,0.002,0.983
id11837,0.919,0.015,0.066
id03497,0.739,0.010,0.251
id19290,0.550,0.382,0.068
id08008,0.996,0.002,0.001
id24949,0.082,0.831,0.087
id25023,0.005,0.001,0.994
id02205,0.028,0.590,0.382
id11041,0.995,0.001,0.004
id14395,0.002,0.894,0.104
id01130,0.684,0.214,0.102
id21066,0.725,0.061,0.213
id17774,0.979,0.020,0.000
id24519,0.035,0.021,0.944
id08460,0.835,0.061,0.103
id19897,0.012,0.988,0.000
id19028,0.908,0.066,0.027
id01850,0.999,0.000,0.000
id22472,0.243,0.757,0.000
id10709,0.075,0.436,0.489
id17260,0.130,0.266,0.604
id22262,0.982,0.009,0.009
