id,EAP,HPL,MWS
id02310,0.07026300832720093,0.008707539545331206,0.9210294521274678
id24541,0.9405361319042148,0.04072977211045815,0.0187340959853272
id00134,0.8248545447054837,0.14075631433752567,0.03438914095699074
id27757,0.577248038668939,0.4015168965847141,0.02123506474634684
id04081,0.913752100577207,0.005009870677643505,0.08123802874514947
id27337,0.8623103578552792,0.1200003799202668,0.017689262224454022
id24265,0.8833102502803265,0.09516701883953081,0.02152273088014272
id25917,0.12004080723958606,0.18913369606760944,0.6908254966928045
id04951,0.9691170380492719,0.028155070477022183,0.0027278914737059994
id14549,0.9500858647464688,0.027529804774905957,0.022384330478625244
id22505,0.18635073641095862,0.2909645017121816,0.52268476187686
id24002,0.05583288311215917,0.9367778451226363,0.007389271765204668
id18982,0.20156962562189343,0.6316444295017457,0.16678594487636086
id15181,0.013695778267249555,0.9837433983201165,0.0025608234126340804
id21888,0.8024400367169818,0.02858769291416906,0.16897227036884913
id12035,0.00343865245400358,0.005847630551988585,0.9907137169940079
id17991,0.3390188051132465,0.04577447860089324,0.6152067162858603
id10707,0.998239594024171,0.00037052832910769966,0.0013898776467213443
id07101,0.17144033762182176,0.14891452334243355,0.6796451390357446
id00345,0.17816261921675058,0.8065113407405136,0.015326040042735809
id05912,0.9571385111086155,0.019296407848426463,0.023565081042958014
id13443,0.9591903889875064,0.0022554760081397755,0.038554135004353784
id09248,0.48475219988009477,0.12796083062680225,0.38728696949310293
id17542,0.23334210269353114,0.725188865051834,0.04146903225463476
id06995,0.17297461478447118,0.03879452828133582,0.7882308569341929
id25159,0.6019114395147953,0.016188061972154055,0.3819004985130506
id25729,0.6544800776202142,0.32120500315548517,0.024314919224300686
id26949,0.7281447830837597,0.11623950290653927,0.15561571400970098
id27191,0.6652111956590947,0.00962318347871505,0.32516562086219014
id07668,0.3951254936946069,0.005095712880237174,0.5997787934251559
id02230,0.3770950489106831,0.09351612663729968,0.5293888244520172
id15553,0.9795784835677193,0.0073676773939760284,0.013053839038304711
id25688,0.0055895343625929,0.9908981550938649,0.0035123105435422076
id17545,0.9960154872374699,0.0012977725757027428,0.0026867401868273647
id13929,0.7273120199183605,0.1664596175911481,0.10622836249049147
id12880,0.1857263034312385,0.6234386667655196,0.19083502980324188
id19282,0.6776527600512801,0.05826256490840606,0.2640846750403139
id14690,0.01613017733635482,0.017896366317814025,0.9659734563458311
id17975,0.09233028273420132,0.8725785164558301,0.03509120080996864
id08037,0.678188764880749,0.0048812882561197245,0.31692994686313114
id15412,0.06571747120120931,0.0025627495026430114,0.9317197792961477
id25032,0.4735546805702239,0.025192920274660524,0.5012523991551157
id27165,0.996778149163102,0.0010952615556402568,0.0021265892812577214
id03327,0.8130758943246478,0.16718637903637473,0.019737726638977493
id18515,0.9634908293196286,0.011198829641177212,0.025310341039194197
id21003,0.20024229732318685,0.05934353469048253,0.7404141679863305
id23855,0.059514843177461765,0.7465628486754216,0.19392230814711678
id20724,0.8245977692936605,0.08923597501807086,0.08616625568826862
id13303,0.3650491112857768,0.09980409317297495,0.5351467955412483
id16521,0.22942789820420442,0.5127346348548889,0.2578374669409067
id20775,0.9700285257921493,0.014605919063225897,0.015365555144624767
id13029,0.9765549467368794,0.0032290060357477593,0.020216047227373034
id14660,0.8174206795059057,0.14701010949840732,0.03556921099568694
id11028,0.021495492064285526,0.000431069026104055,0.9780734389096105
id14180,0.9922932918957895,0.0023840065283196954,0.005322701575890796
id25860,0.8413727741263527,0.0201328635080364,0.1384943623656109
id11910,0.24928027899757554,0.01915507047349291,0.7315646505289315
id08065,0.2862729837442149,0.07657660989179542,0.6371504063639897
id22674,0.12759530267193273,0.005505702387276065,0.8668989949407913
id25018,0.41198433792705214,0.03616179607786329,0.5518538659950847
id10892,0.1706398401460187,0.5792117452850503,0.250148414568931
id10217,0.11067555914543083,0.8805854153009679,0.008739025553601095
id12996,0.35793767975196994,0.03684362939797505,0.605218690850055
id18262,0.40109537935430617,0.09239911775000252,0.5065055028956912
id08606,0.043298163033754555,0.9255097321972446,0.031192104769000806
id17233,0.9335883301274795,0.001639354967606709,0.06477231490491368
id00101,0.8240892951613487,0.053400922776058284,0.1225097820625931
id12225,0.9986603522096362,0.0013396477903636914,0.0
id01364,0.15243456492929283,0.8130791617399582,0.03448627333074894
id24973,0.8431349966183794,0.010070316924823575,0.14679468645679697
id25363,0.7394824378541357,0.03431171141687685,0.2262058507289875
id10061,0.6226674831523605,0.04007623499882842,0.33725628184881096
id17673,0.024800832449677696,0.9627838066256037,0.01241536092471858
id13249,0.5137691822244465,0.04144164129528362,0.44478917648026983
id10107,0.04130970015849319,0.004432184898222809,0.9542581149432839
id04403,0.9185204445716014,0.026366106101028366,0.055113449327370154
id25728,0.8482166580687643,0.12268463996586546,0.02909870196537037
id16184,0.4816262087542935,0.054058450550313726,0.46431534069539276
id03438,0.019067713403721626,0.0005261760128299551,0.9804061105834485
id22923,0.07638808469690403,0.9173844925785779,0.00622742272451804
id08610,0.8848720075572918,0.0035111914576121,0.11161680098509613
id25355,0.0697862492001237,0.02982252731280291,0.9003912234870735
id16916,0.6566936051862581,0.2780209748232593,0.06528541999048249
id12793,0.04829414074998487,0.937113054796429,0.014592804453586001
id11859,0.8677051243748223,0.06720383476361676,0.06509104086156103
id02434,0.9669306606197484,0.027457230579105745,0.005612108801145912
id27703,0.14861661302839313,0.002594109422085844,0.848789277549521
id25212,0.4793172627108426,0.47501555760428177,0.04566717968487567
id11308,0.20553270240583205,0.013771618114342963,0.780695679479825
id26094,0.9101001508231144,0.04838764092199503,0.041512208254890604
id22080,0.9713313747329307,0.025639413627300326,0.0030292116397689682
id03545,0.9841117588776069,0.011368867946696282,0.0045193731756967455
id23725,0.0851019344934169,0.18268167295677795,0.7322163925498052
id12009,0.9635934512853519,0.01689091490316903,0.019515633811479166
id24241,0.7180631220859198,0.1190494832165741,0.16288739469750613
id03596,0.04343327112210076,0.951055149062095,0.005511579815804219
id10749,0.16199417532222704,0.8310518583261443,0.00695396635162872
id22794,0.011816539629726121,0.17730587288632577,0.8108775874839481
id15482,0.520025180931336,0.13646674023379654,0.3435080788348675
id04833,0.635300999886757,0.30089653209839423,0.06380246801484865
id00397,0.17102154185086477,0.006700064611147546,0.8222783935379876
id14691,0.009370295166481905,0.09826834080271128,0.8923613640308068
id05193,0.16828917812530142,0.009836908064792682,0.8218739138099059
id19541,0.5423061658262597,0.06754470635159672,0.39014912782214367
id22166,0.014979751664668346,0.04025368227275528,0.9447665660625763
id20744,0.02374598745955296,0.007826608126231772,0.9684274044142153
id10392,0.07484296293717646,0.0517699932797271,0.8733870437830964
id00770,0.9481750130570428,0.018172203690978862,0.03365278325197838
id06018,0.3663679648548649,0.615377480663799,0.01825455448133605
id15678,0.6190080333710958,0.006185637785112511,0.37480632884379167
id08305,1.0,0.0,0.0
id08903,0.0859795412321515,0.009356837042070187,0.9046636217257784
id14752,0.540461976914248,0.4302172846010914,0.029320738484660675
id12468,0.025079889594952335,0.9721337252061588,0.002786385198888855
id05085,0.18356930210093886,0.7877165440877066,0.02871415381135464
id21993,0.17671000067426348,0.0041148740306203475,0.8191751252951162
id15503,0.9856345679533498,0.00538992553028962,0.00897550651636059
id03021,0.02568000982911408,0.9534832403187223,0.020836749852163654
id16123,0.9936015950146455,0.005550638902023327,0.0008477660833312289
id19383,0.9499162741861613,0.032463059868081096,0.0176206659457575
id04186,0.9884761982304994,0.001665517783746076,0.009858283985754659
id17954,0.05173134949046783,0.047788647049832614,0.9004800034596995
id12030,0.3439716873968504,0.004457792485135622,0.651570520118014
id13020,0.8424018782165856,0.13966896638433823,0.017929155399076042
id25327,0.1159959645014732,0.6255599634562221,0.2584440720423047
id16344,0.20682837162852805,0.23825994262262523,0.5549116857488468
id12303,0.15140934733021624,0.8156803610857521,0.03291029158403161
id15017,0.9107610212897442,0.08527809975087494,0.003960878959380937
id22308,0.04260025865662903,0.011741381668833721,0.9456583596745373
id06536,0.008341662450060907,0.02343012281368112,0.9682282147362579
id19797,0.07609682439671647,0.8753819049392034,0.04852127066408011
id06332,0.8811451818528698,0.09187294358228337,0.026981874564846815
id22941,0.5340785949841346,0.1964910646050909,0.2694303404107745
id13547,0.05306019534914775,0.06004347545677923,0.886896329194073
id06928,0.030475458031165106,0.004296862781085288,0.9652276791877495
id12521,0.3986431389943203,0.5796202203753399,0.021736640630339865
id25716,0.7442886680019034,0.01756511193910244,0.23814622005899416
id27116,0.029407853285771897,0.0005154436229662887,0.9700767030912618
id19941,0.036604984757471516,0.957225527377237,0.0061694878652915
id05711,0.008921410005302593,0.002557948668875639,0.9885206413258217
id02097,0.027286577404860072,0.008466519549683428,0.9642469030454566
id03563,0.0704770045861756,0.9230717116303937,0.006451283783430774
id02295,0.019133985027640053,0.9745682326247829,0.006297782347577026
id08179,0.7471487721207102,0.06603924541521959,0.18681198246407024
id05332,0.1090555959865636,0.8795152542029642,0.011429149810472227
id15697,0.627168922848989,0.2243085346917739,0.14852254245923707
id17026,0.05002070975235001,0.004446967408696915,0.945532322838953
id04243,0.7645430718259252,0.185364663391877,0.05009226478219781
id13175,0.9858926012970264,0.0041296891911186025,0.00997770951185504
id05387,0.8727732226527074,0.006249432088187753,0.12097734525910477
id19989,0.7419668276811301,0.1649579644188868,0.09307520789998322
id25173,0.2402357278536603,0.05629128959107402,0.7034729825552656
id08925,0.05676371585886908,0.9386270362673756,0.004609247873755236
id03034,0.12410171916072764,0.7581130510848226,0.11778522975444976
id13272,0.004997071733235623,0.9926366017450354,0.0023663265217288487
id07956,0.5382268548768481,0.015885798346130593,0.4458873467770213
id02648,0.003467456339446203,0.00015444703217497917,0.9963780966283788
id01778,0.4180400305679405,0.018105630665272977,0.5638543387667865
id12846,0.03595662144111779,0.005782394743404206,0.9582609838154781
id19001,0.6639268724610562,0.019102022573614007,0.31697110496532976
id05763,0.8416998526152495,0.05333221080326242,0.10496793658148804
id15590,0.0022132583259908876,0.00014307952574378992,0.9976436621482654
id04912,0.7842491777418431,0.06271788831222055,0.15303293394593642
id21201,0.9745104543705312,0.017242874132368045,0.008246671497100665
id13215,0.9767425998267893,0.00047113194252093886,0.02278626823068971
id15612,0.12831300167248622,0.8229331403257427,0.04875385800177112
id18501,0.02801355137241119,0.008582679681454047,0.9634037689461348
id07223,0.6654870820762115,0.2701185636423374,0.06439435428145113
id06707,0.6359275667721119,0.132487176186368,0.23158525704152005
id05238,0.02645297432371657,0.9689814425051466,0.004565583171136802
id00935,0.09224473460209226,0.06382084729796707,0.8439344180999406
id00110,0.6450961400001133,0.08090901948217122,0.27399484051771544
id17476,0.7903120504819169,0.07014617008166193,0.1395417794364212
id15170,0.9947788082450703,0.0032353738036071176,0.001985817951322599
id13397,0.34211374217022306,0.20364065288522973,0.45424560494454724
id24283,0.2779753904294885,0.15719952818959057,0.564825081380921
id15234,0.9380165788619806,0.05659088074624575,0.005392540391773653
id16884,0.5348515685793624,0.37379448714581925,0.09135394427481837
id07831,0.46660898532777506,0.47600280855486,0.05738820611736483
id16038,0.9453098416930172,0.026287559404798804,0.028402598902184047
id03629,0.917136728677999,0.06161940267209529,0.021243868649905684
id21019,0.9959523742793006,0.004047625720699426,0.0
id21835,0.1639339639518987,0.2803143163576706,0.5557517196904307
id04480,0.11365049945466253,0.8855989800138804,0.0007505205314570233
id20838,0.38457731115396576,0.3183080211013034,0.29711466774473094
id24195,0.9005807411367386,0.06201860607263585,0.03740065279062553
id05448,0.6284744854972478,0.32031739188362035,0.051208122619131796
id15957,0.011391830830294169,0.9799989135555229,0.008609255614182989
id19956,0.03395062338058751,0.0026384130773611527,0.9634109635420514
id15104,0.06962898704882173,0.10352411015579259,0.8268469027953856
id17559,0.889655120800468,0.059274977691614016,0.05106990150791797
id16839,0.5443403187896743,0.1023326810525426,0.3533270001577831
id14493,0.40647237037961553,0.0640026985123258,0.5295249311080586
id08833,0.6207041893858166,0.08943202188142847,0.28986378873275487
id15723,0.014839593521085177,8.460180527485735e-06,0.9851519462983873
id02716,0.9671908641758239,0.0027483673646508224,0.03006076845952534
id06689,0.043395654339744315,0.9256704644668173,0.03093388119343846
id18837,0.21168456002037175,0.10456504241220023,0.683750397567428
id04466,0.9731966613917912,0.017905627864858074,0.008897710743350776
id00686,0.917230641712485,0.034110254745491314,0.048659103542023636
id09010,0.2138666417633674,0.7561531418784052,0.02998021635822741
id23353,0.9237511229716959,0.0051561503181931975,0.07109272671011088
id00066,0.6988362959464895,0.1613890366083505,0.13977466744515996
id15724,0.29955749492205536,0.6793922420818449,0.02105026299609976
id23486,0.434649780273716,0.024697339795021082,0.540652879931263
id22258,0.18822855594454638,0.05239444182853071,0.759377002226923
id02292,0.7650601261783767,0.1844758129902245,0.050464060831398753
id16356,0.3098421617284445,0.010714488356250437,0.6794433499153051
id00235,0.9027903405387916,0.0041262871237383696,0.0930833723374701
id25522,0.3908221212031989,0.00910738602036932,0.6000704927764317
id04204,0.4313346678390067,0.49616415216603754,0.0725011799949559
id22016,0.9724344886369212,0.002557082873969358,0.02500842848910946
id06480,0.36216893396665284,0.3532575327396687,0.2845735332936785
id08718,0.12259410620539207,0.006542385006691411,0.8708635087879166
id05251,0.06189871293145537,0.9265429329295388,0.01155835413900578
id03359,0.9701700936483033,0.014201455822639656,0.015628450529056828
id16117,0.05492283727275128,0.0031150220575930565,0.9419621406696557
id17000,0.008358443048929281,0.9900657739787795,0.001575782972291075
id01730,0.05896663920344439,0.9376767601485756,0.003356600647979929
id00630,0.46878613380430056,0.3971316452955356,0.13408222090016383
id18175,0.134905263769629,0.010252494286525807,0.8548422419438451
id00907,0.9227671910670215,0.004508951568567926,0.07272385736441056
id18251,0.04266372958126002,0.9535157680772626,0.0038205023414773372
id25861,0.491646822658199,0.48408385825913663,0.02426931908266439
id00398,0.5721513617763652,0.2979107329351108,0.12993790528852403
id27573,0.9420029193409313,0.006903138090745144,0.05109394256832359
id10022,0.02140647923028603,0.9090996234316184,0.06949389733809552
id15901,0.10583723815906566,0.0015739392461987327,0.8925888225947356
id00451,0.06655069054514264,0.013408854069024369,0.920040455385833
id23129,0.11653692523333571,0.8544492262485412,0.02901384851812306
id26498,0.02093860774398858,0.895776144574761,0.08328524768125065
id14741,0.22321243405075875,0.536547026181143,0.24024053976809834
id18453,0.03682098803711569,0.028012327129374494,0.9351666848335098
id08309,0.934113281547183,0.03543093630040127,0.030455782152415747
id00320,0.9640906845617102,0.029934998681531023,0.005974316756758731
id07688,0.20547957341653128,0.03872348557839116,0.7557969410050775
id01556,0.154187056035346,0.025596247652750453,0.8202166963119034
id00178,0.3899101981851857,0.0436566931528201,0.5664331086619943
id18902,0.36676581070051556,0.04822516491916304,0.5850090243803214
id27002,0.5218632523383505,0.47813674766164943,0.0
id21418,0.9950698885922619,0.0036600078431540343,0.0012701035645840777
id23018,0.9101873928594745,0.017704835569668516,0.07210777157085702
id07032,0.22287824421275068,0.1179665439495191,0.6591552118377302
id16195,0.6143856128138534,0.04830518046953666,0.3373092067166099
id11202,0.0234447201867811,0.9334533292632234,0.04310195054999542
id09578,0.8801662858678304,0.02251336730640868,0.09732034682576095
id26984,0.7071415283303811,0.00031197044483424443,0.2925465012247847
id19856,0.05070057525665928,0.9152291792778678,0.03407024546547278
id12086,0.5692674524166773,0.01707174730505236,0.4136608002782703
id12052,0.06060738065580625,0.005157450345686229,0.9342351689985076
id17728,0.0257241652744784,0.09629959681437777,0.8779762379111439
id24608,0.5593869728773481,0.022353391947328632,0.4182596351753233
id21097,0.655066416111944,0.11560846916336442,0.22932511472469164
id20179,0.1211619458919102,0.003691377388619885,0.87514667671947
id15144,0.6321522152116764,0.20079154690543258,0.1670562378828911
id00206,0.8683463743727154,0.02405275404643902,0.10760087158084555
id22285,0.07114279878569285,0.006310669894644253,0.9225465313196629
id06417,0.3418847689044813,0.4060130827679575,0.25210214832756117
id00215,0.028332960393113112,0.9709223753276172,0.0007446642792698193
id04201,0.9023306372020891,0.003792005639210951,0.0938773571586999
id21771,0.9874432698877649,0.006130499167894113,0.006426230944340923
id12451,0.05097162442988583,0.21860813483913943,0.7304202407309747
id14250,0.4110971367741222,0.29505578023069207,0.29384708299518575
id03433,0.02358328253991682,0.9668361368734404,0.009580580586642828
id03303,0.24495175942780653,0.02905912869366882,0.7259891118785247
id25901,0.6757959955907322,0.1939393879405975,0.13026461646867016
id06945,0.16912787812887053,0.007756639129889751,0.8231154827412397
id05664,0.7181687176612659,0.08952936065011184,0.19230192168862226
id05741,0.9665318909782726,0.008200125898380966,0.02526798312334627
id10652,0.9018705413601023,0.021102823735975076,0.07702663490392261
id16300,0.9274090901924317,0.02730972627666287,0.04528118353090539
id12319,0.3424783188211908,0.39196078915924376,0.2655608920195654
id07500,0.1556274632770674,0.8291376248574072,0.01523491186552531
id12478,0.5509021047111095,0.1832943748970885,0.2658035203918021
id03076,0.22669737381339028,0.0037095940509200673,0.7695930321356896
id00969,0.48532848110789256,0.41206074821627514,0.10261077067583224
id23636,0.033675485544804734,0.9289497878032881,0.037374726651907116
id09791,0.4818713252702894,0.016057656096549595,0.5020710186331611
id05680,0.1364391657504432,0.14659997139219588,0.7169608628573609
id03672,0.10919200048959801,0.8710559341238762,0.019752065386525824
id04286,0.11367217831979592,0.7983337350895994,0.08799408659060466
id23883,0.04597140002789574,0.2732465314659476,0.6807820685061567
id11914,0.48317957921600324,0.015877580689962395,0.5009428400940343
id20974,0.11569709366580469,0.8455893660536814,0.03871354028051389
id26125,0.034773277357149614,0.008598614779481355,0.956628107863369
id15543,0.29625643582746414,0.034855939536370714,0.6688876246361651
id19471,0.9923780093749609,0.0018135234884719092,0.005808467136567248
id11503,0.900446776823832,0.07481416692484003,0.02473905625132787
id09321,0.09544493366613478,0.8717264868245445,0.032828579509320666
id25560,0.009788788363387061,0.009734104074903702,0.9804771075617094
id06726,0.3799398494020352,0.16232606274373393,0.4577340878542309
id05709,0.8926906710258444,0.005673533663164343,0.10163579531099136
id09788,0.11590677807113452,0.3514201405840605,0.532673081344805
id05289,0.9770141970940096,0.0028111527521325562,0.020174650153858067
id11815,0.03346909598188976,0.9630077137868782,0.003523190231231999
id22422,0.9527680933419584,0.016189751677100482,0.031042154980941136
id25954,0.9919329158916834,0.002765917452406268,0.0053011666559103065
id13601,0.6164270392086746,0.27365109782230523,0.10992186296902029
id05677,0.9289225547280194,0.0070801528158448744,0.06399729245613564
id10498,0.052556606903874606,0.9453428909747712,0.0021005021213541847
id02665,0.6187972643134477,0.3701174986264964,0.011085237060055942
id10114,0.027962722158270142,0.9024088589996271,0.0696284188421028
id26314,0.28675952433687424,0.5580783744219466,0.15516210124117916
id21240,0.11934137045858377,0.1869543007733787,0.6937043287680376
id15569,0.8576323307308761,0.11968445009370983,0.02268321917541408
id25928,0.47753266498007674,0.011562400864066244,0.510904934155857
id22706,0.018782627237323234,0.9799768576309604,0.001240515131716433
id20877,0.06584143772084092,0.49085175420092386,0.4433068080782352
id04318,0.8704553082829737,0.005943763584828784,0.12360092813219753
id18299,0.14533240554051727,0.7935837892066036,0.06108380525287925
id08126,0.1575017997640081,0.0294074634673204,0.8130907367686716
id14293,0.4741050522795608,0.007701837307602954,0.5181931104128363
id12759,0.9405036920909257,0.019382917217635458,0.040113390691438745
id11983,0.4776143154928149,0.015666837911672893,0.5067188465955121
id05580,0.5643929859087397,0.38705460622504034,0.04855240786621996
id25846,0.5089217131532683,0.31802501896092916,0.17305326788580247
id01939,0.6342029149571489,0.04434563866952462,0.32145144637332657
id26327,0.33624012100501754,0.3782317498272928,0.28552812916768955
id11068,0.03183244546379825,0.007888640136744767,0.960278914399457
id08404,0.8402188011586615,0.0020508261742594866,0.157730372667079
id27189,0.2300914502549057,0.7574608279369004,0.012447721808193877
id15119,0.03612486283379897,0.9392286588070132,0.024646478359187693
id26525,0.9325464584842282,0.010736888196513741,0.05671665331925796
id03618,0.7201528627461704,0.23062179521597947,0.049225342037849985
id27220,0.9496292969259401,0.021067780794933037,0.029302922279126863
id18777,0.009959929923820755,1.8838383273923085e-05,0.9900212316929052
id20213,0.9793299625511668,0.003987335363504296,0.016682702085329033
id20403,0.7084255126669612,0.25173757056390855,0.039836916769130246
id03777,0.17322652809763975,0.052803443774187615,0.7739700281281726
id10595,0.016438934380164933,0.9808722107298852,0.0026888548899500603
id13816,0.20062892323190581,0.04901232158131291,0.7503587551867812
id05667,0.07181961335190074,0.035049694961737335,0.8931306916863618
id24629,0.6110649111870192,0.04097039585169768,0.34796469296128313
id20398,0.12418890754245547,0.09042609139661954,0.785385001060925
id14108,0.016908704277499815,0.0016950588640763744,0.9813962368584237
id06196,0.024348803663569424,0.9705140183204333,0.005137178015997254
id02800,0.53395724265266,0.3227534467304638,0.1432893106168764
id18732,0.05719501715876951,0.9409975284115427,0.0018074544296878448
id11915,0.3387286060684739,0.5778451896297369,0.0834262043017893
id09739,0.5508812091180547,0.019825309368814593,0.4292934815131307
id24672,0.744517764317665,0.15726408946163956,0.09821814622069554
id00414,0.012637338162218242,0.06967773007308789,0.9176849317646938
id16307,0.9964747580793887,0.0019479245819750885,0.0015773173386362193
id14043,0.14675942370430903,0.03135362666594759,0.8218869496297435
id00517,0.03250706115057009,0.05108379183851354,0.9164091470109165
id09744,0.9635585304688724,0.03375541590121604,0.002686053629911645
id19257,0.9618122997527393,0.03261148337368944,0.005576216873571252
id15437,0.5403378637244421,0.442401782794345,0.017260353481212656
id16352,0.009113170791228815,0.001966596893943543,0.9889202323148276
id18849,0.7185676965399249,0.08651613863191074,0.19491616482816443
id19434,0.005000527564906273,0.9847359107257558,0.010263561709337838
id17928,0.24934016761632802,0.01909380008905225,0.7315660322946197
id16896,0.05240876693122026,0.00989460203322382,0.9376966310355559
id02135,0.5426087320622269,0.2118324411359795,0.2455588268017936
id15075,0.9673122384998967,0.0038129319871580297,0.028874829512945347
id27486,0.0450861594784476,0.9147955361376989,0.040118304383853484
id19422,0.9600470446447728,0.015974266358087828,0.023978688997139397
id09603,0.06757764307133327,0.7806539650349419,0.15176839189372487
id02133,0.08896488868847428,0.9013457358825033,0.009689375429022332
id03441,0.50987506817519,0.05770928003724406,0.43241565178756586
id02398,0.06521075784612411,0.9341021468393004,0.0006870953145754243
id05152,0.283266754907249,0.31427753460801333,0.4024557104847376
id17838,0.08591909941754892,0.0011298171349962477,0.9129510834474548
id25060,0.9642451772205574,0.013304533409168895,0.02245028937027382
id09998,0.10836316023116874,0.008820628012646587,0.8828162117561847
id01828,0.19590148421283968,0.7574429618009152,0.04665555398624514
id25377,0.43491101556322515,0.049252824658996996,0.5158361597777777
id22175,0.27483316948730224,0.7060720260866832,0.019094804426014723
id02974,0.4551130291526037,0.011482639236452439,0.5334043316109438
id26955,0.9707352055796712,0.025705842156839073,0.003558952263489821
id21091,0.7557394237877703,0.10952065346847513,0.1347399227437546
id12802,0.9971862966822052,0.001752939718027977,0.0010607635997667449
id07432,0.03096149395558249,0.9387123430438227,0.030326163000594854
id18749,0.3173967233870464,0.5540374665455896,0.12856581006736392
id15030,0.013322967413721305,0.03199106398668819,0.9546859685995905
id17155,0.16103005529190512,0.8274770042062253,0.011492940501869666
id08128,0.03857943611950646,0.8975940097784071,0.06382655410208637
id25706,0.05172795245274247,0.7946257845593107,0.15364626298794679
id15645,0.9236461791601829,0.027289786965381983,0.049064033874435066
id04943,0.6461873988413304,0.3283573426041171,0.025455258554552464
id27566,0.1740511769738881,0.2799661308918402,0.5459826921342718
id11765,0.19531163895553208,0.356649008243156,0.44803935280131196
id13783,0.41898463710563677,0.34622257574106985,0.23479278715329335
id00492,0.10476947844795478,0.055485260905179155,0.8397452606468659
id27636,0.057745067787547295,0.0776354833923636,0.8646194488200891
id04273,0.8592617857850846,0.05533718143465176,0.0854010327802635
id02537,0.40781407666260766,0.07694820498250442,0.515237718354888
id24349,0.5617194796603705,0.38836073585174846,0.049919784487880974
id00023,0.006834442828820845,0.9860886585382643,0.007076898632914795
id23025,0.42341813712598086,0.5497163403867,0.026865522487319108
id08722,0.8902066387486463,0.04021695198889775,0.06957640926245601
id02420,0.9600943853434681,0.028109566813761682,0.01179604784277011
id10811,0.9668279478945173,0.005614790294767253,0.027557261810715373
id04019,0.22119036434381664,0.01731518423536358,0.7614944514208197
id18334,0.9977947198961703,0.0012527947905838835,0.0009524853132459135
id16781,0.6397039696972332,0.3602960303027668,0.0
id08773,0.1832350466028023,0.7933007073899899,0.023464246007207836
id19214,0.9330774973417437,0.015388879209843614,0.05153362344841259
id09589,0.0033557508046694385,0.9907456168589162,0.005898632336414441
id24246,0.7019325588663452,0.18868436122197155,0.1093830799116833
id23577,0.8128044452585022,0.18040587020592724,0.006789684535570632
id09305,0.996105543729769,6.701175448400297e-05,0.00382744451574702
id16460,0.7303674869740481,0.10786123795279068,0.1617712750731612
id21115,0.5879732999453263,0.2745945942635961,0.13743210579107745
id25996,0.6171014228305033,0.14229659129629427,0.2406019858732023
id02551,0.005013154319297282,0.00537617573030414,0.9896106699503985
id19352,0.0299693919851838,0.004735382029554238,0.965295225985262
id03806,0.17173872500866022,0.006567017749457856,0.8216942572418819
id26544,0.6892200391063973,0.13573109301440284,0.17504886787919988
id18761,0.9008087611566097,0.049503546564157626,0.049687692279232726
id24148,0.22087362072266353,0.7736946643805402,0.005431714896796239
id16095,0.03483917560520488,0.9470658434138767,0.018094980980918534
id18442,0.7367953616837611,0.07398554995665844,0.18921908835958046
id22596,0.012581144704717842,0.0012138569060368993,0.9862049983892454
id23002,0.25733854470748024,0.04553318659321701,0.6971282686993028
id04797,0.9921929675776652,0.00127129405540047,0.0065357383669344075
id06610,0.16333541185762118,0.02756059563337979,0.8091039925089991
id16173,0.7253331808125382,0.27466681918746183,0.0
id18292,0.06466141441481961,0.06265146967481101,0.8726871159103694
id27328,0.9929272697060272,0.0016321264782594666,0.005440603815713247
id01695,0.028949103274645893,0.9595420406766847,0.011508856048669388
id05761,0.8556616428528256,0.015156232893258393,0.12918212425391584
id16354,0.8330751464797908,0.009093307804644863,0.15783154571556435
id12207,0.03561576164496757,0.0816184792567437,0.8827657590982887
id05665,0.10007325804599936,0.022622308502695643,0.877304433451305
id01911,0.9870043865281422,0.008649986311496449,0.004345627160361449
id19153,0.14745536522588695,0.01216518588369204,0.840379448890421
id10295,0.6856191045446822,0.253842966182876,0.060537929272441844
id23038,0.7345830262710021,0.15483803935487336,0.11057893437412458
id23783,0.48303673156948707,0.5102199248656345,0.006743343564878453
id27879,0.9184877874502082,0.04972125820453544,0.03179095434525632
id19190,0.008778222921177074,0.9912126391717592,9.137907063713676e-06
id05065,0.9869301510343901,0.0021639257491353554,0.01090592321647453
id21296,0.2737427491688464,0.7010236740521316,0.025233576779021896
id13262,0.49081876081564124,0.29585568896115816,0.21332555022320066
id10333,0.8064566805241546,0.02784964258438048,0.16569367689146483
id16677,0.2890010787109475,0.19025581877743444,0.520743102511618
id01392,0.4011784167157898,0.005952953227863891,0.5928686300563463
id27874,0.9221193128466347,0.050895314533420215,0.026985372619944954
id02294,0.0,1.0,0.0
id18298,0.03621371876945696,0.09343455820993397,0.8703517230206091
id06997,0.9682387224495143,0.02160418563862198,0.01015709191186381
id05243,0.5608206881704517,0.10513959372262699,0.3340397181069212
id00860,0.21011297055262734,0.5210128034164474,0.26887422603092515
id26681,0.9764673843381446,0.02221503708459649,0.0013175785772588443
id06020,0.09065821233756403,0.002578149930141966,0.9067636377322941
id27683,0.6892071696758248,0.1225369329055088,0.18825589741866622
id17655,0.052073591122818064,0.9144783421671538,0.033448066710028125
id08817,0.2576352283228227,0.028573698271157213,0.7137910734060201
id11512,0.011752878086317121,0.01713293037384618,0.9711141915398367
id00478,0.1290022692810684,0.02065966222583099,0.8503380684931006
id02116,0.9534898153353132,0.0163446139040023,0.03016557076068451
id06746,0.9367683527479362,0.031151508103043315,0.03208013914902042
id03863,0.659890571866128,0.340109428133872,0.0
id01802,0.06588487500501024,0.860206168540876,0.07390895645411372
id11682,0.48318608106773503,0.009997538799707191,0.5068163801325577
id04033,0.5554539542843827,0.3320164804141111,0.1125295653015061
id09286,0.5515024750004079,0.08774983082967366,0.36074769416991836
id12904,0.9954290900394726,0.0017303282052811184,0.0028405817552464062
id07420,0.09525682427034406,0.02775493210819299,0.876988243621463
id22398,0.010101948902261076,0.9580937088384192,0.0318043422593199
id00424,0.2856533869558724,0.009251753836389967,0.7050948592077377
id20960,0.949594840700263,0.030349961070216182,0.020055198229520784
id10267,0.9144692498910242,0.06186539675210189,0.023665353356873992
id19330,0.43937264099655604,0.025038135263720958,0.535589223739723
id00994,0.010534077046695369,0.9882231393339601,0.0012427836193445705
id10785,0.9364040841468344,0.03223327213055071,0.03136264372261498
id00955,0.019438786709512844,0.9746419074111478,0.005919305879339299
id09757,0.009258458154626751,0.9896187033282404,0.0011228385171328902
id10030,0.09617510902167561,0.01606271733519122,0.8877621736431333
id22952,0.13285866111106948,0.023787042801667747,0.8433542960872628
id21955,0.01212983289889515,0.02815693866691007,0.9597132284341948
id07674,0.8612746076512796,0.020570843596090238,0.11815454875263007
id13760,0.031192017030559273,0.9658924016306635,0.0029155813387773946
id18166,0.6084178263701333,0.24865292206517214,0.14292925156469458
id23498,0.9153235266904242,0.0812109261041058,0.003465547205469921
id05296,0.9867307808705393,0.0008752075124820842,0.01239401161697862
id26709,0.9098581482609072,0.06005846193925697,0.030083389799835852
id02853,0.9379457723635459,0.05591160676899285,0.006142620867461178
id06800,0.6410200038550062,0.06622638377105636,0.2927536123739374
id14758,0.1347216694750913,0.8253510579619154,0.03992727256299322
id12356,0.9979820974118839,0.0009707058655924283,0.0010471967225236052
id21492,0.37629040461831076,0.5780836668307915,0.04562592855089764
id27540,0.6668949899575337,0.0025200236655242864,0.3305849863769421
id07376,0.3488041839620066,0.6287424264268621,0.022453389611131302
id15201,0.8972504661786174,0.09411828252787126,0.008631251293511407
id23388,0.11411203801290405,0.7346337298372752,0.15125423214982076
id13923,0.07376273075325507,0.8040137186137114,0.12222355063303368
id00794,0.06156164264698673,0.9301819212288629,0.008256436124150349
id23910,0.8766594661885,0.02407604042193338,0.09926449338956667
id02556,0.06807063299157351,0.08235651625732876,0.8495728507510978
id22151,0.028618631208203602,0.9698520775002393,0.001529291291557074
id11698,0.0,1.0,0.0
id11627,0.44939899105357844,0.30502962790792026,0.24557138103850143
id06340,0.9914857262494009,0.0016859700406394668,0.0068283037099596145
id05123,0.9725094301029326,0.015908369727954903,0.011582200169112648
id26620,0.010158414912711336,0.002436686986686152,0.9874048981006025
id04002,0.1405386825479719,0.019774448537761037,0.8396868689142671
id26554,0.856627631720855,0.07197906756749625,0.07139330071164891
id18012,0.17613595844784088,0.18040827319384278,0.6434557683583163
id12964,0.08205046652034365,0.039183332784902845,0.8787662006947535
id18965,0.06119039176228421,0.2707458294719431,0.6680637787657725
id19082,0.1856652120245413,0.014033607415813039,0.8003011805596456
id26742,0.03217524372047152,0.0037283347914327672,0.9640964214880957
id15442,0.05760710088680165,0.9320994597975713,0.010293439315627052
id16647,0.7446933319049499,0.02039418737515906,0.23491248071989096
id11544,0.09123674521298211,0.014488268602658672,0.8942749861843592
id20581,0.45903253528711263,0.10902196485100919,0.4319454998618782
id13192,0.19516305581394167,0.7152575245516678,0.08957941963439053
id15814,0.4999723477815502,0.047949280395200765,0.45207837182324906
id26279,0.036176496159584765,0.9601641649520904,0.0036593388883247513
id00240,0.9692823616227041,0.008465708465223593,0.02225192991207229
id22836,0.9478793786545453,0.02848216056987612,0.02363846077557852
id15085,0.017835373412217324,0.9407300538753746,0.04143457271240803
id17495,0.5789326551697226,0.0,0.42106734483027736
id26762,0.564739799483803,0.2606330235215395,0.17462717699465743
id13685,0.887444177399733,0.0038849175214222546,0.10867090507884472
id16560,0.08572648290184666,0.9106165396826623,0.0036569774154910375
id17184,0.006904113181356498,0.9885234026926459,0.00457248412599756
id21635,0.9477084938871717,0.018003509385794755,0.03428799672703361
id26751,0.10202169112479312,0.8633979543947456,0.03458035448046124
id12351,0.9163236729311193,0.04260758320986454,0.04106874385901621
id14872,0.8286027984482254,0.11920396584282456,0.05219323570895
id18372,0.9880827826327445,0.004819671868015795,0.0070975454992397175
id26851,0.8897293698563461,0.024300413466159288,0.08597021667749473
id22659,0.41879282520415956,0.5727309008584158,0.008476273937424549
id04102,0.16340444094859538,0.01950831908094259,0.817087239970462
id02353,0.3855298794388862,0.5999270930619113,0.014543027499202693
id26721,0.9815049797190244,0.010841118830092597,0.0076539014508831575
id11171,0.8319618061511947,0.0058771042281471975,0.16216108962065798
id13562,0.010151341830678376,0.9664054038788062,0.023443254290515508
id26425,0.8692755788139399,0.014779590420731835,0.11594483076532824
id26394,0.5181440843988796,0.03702185110377976,0.4448340644973407
id22187,0.32789412722295364,0.6437679708370312,0.028337901940015134
id00422,0.9389303479143645,0.05598080806873812,0.0050888440168974656
id22667,0.12018516699230694,0.8778419343509423,0.001972898656750836
id00911,0.6888264536886599,0.060078112148485546,0.2510954341628546
id17291,0.38429254194736284,0.045413408594940405,0.5702940494576968
id01915,0.24122911589650056,0.4364162977695547,0.3223545863339448
id01434,0.10753245395207237,0.009436113438497967,0.8830314326094296
id01584,0.8544816690451474,0.015163168544442909,0.13035516241040968
id09266,0.9733055389899118,0.0028813368973078747,0.023813124112780363
id17494,0.008542053792877176,0.9818509142013958,0.009607032005727037
id24919,0.5161162329868388,0.10518274344192419,0.3787010235712369
id21043,0.21596905055692509,0.018924814678203013,0.7651061347648719
id17796,0.05727027161431908,0.9373879411502173,0.005341787235463594
id02166,0.5100827149082687,0.10989409272104173,0.3800231923706896
id17503,0.8226213354624903,0.0011050335933342197,0.1762736309441754
id21203,0.0,0.0,1.0
id25626,0.8978474354306232,0.018885033880822688,0.08326753068855415
id09836,0.9883247360345303,0.007605006716524183,0.00407025724894547
id24202,0.03948438275536875,0.019851279229650996,0.9406643380149802
id27260,0.6747744191531956,0.011203324865959707,0.31402225598084477
id23167,0.03232798703880151,0.02262339860544395,0.9450486143557546
id10393,0.1350851933847452,0.8457173539228611,0.019197452692393605
id01171,0.7185717089863192,0.2739430424771749,0.007485248536505905
id06380,0.8751053894673894,0.035914438670528945,0.08898017186208172
id22686,0.19441237505380451,0.011974085455629323,0.7936135394905661
id26250,0.30514073142061465,0.009886634219822518,0.6849726343595628
id09315,0.2592917815088909,0.7093727446035989,0.031335473887510165
id00886,0.09440630943364504,0.9004028156142173,0.005190874952137624
id03101,0.9862488675124886,0.004595305554551178,0.009155826932960175
id12367,0.5061527337547058,0.037525946896083746,0.45632131934921044
id10770,0.9762578425032625,0.004749149801998401,0.01899300769473911
id14949,0.02820501772206022,0.9710632399165882,0.0007317423613515887
id14141,0.5851323491036857,0.40826863788869894,0.006599013007615163
id25417,0.6421183833366955,0.31821105353547946,0.03967056312782529
id26873,0.7194176740044065,0.04452529823990062,0.23605702775569298
id10818,0.2128903106079914,0.034621065410898814,0.7524886239811098
id15146,0.9571114382506978,0.009256882643128253,0.03363167910617394
id23328,0.8079385136155026,0.11093759887092539,0.08112388751357204
id16765,0.6130574855034543,0.07946608534595846,0.30747642915058726
id24383,0.9633111908424348,0.0016129372919595206,0.0350758718656056
id21304,0.7150000531731061,0.25605108447369784,0.02894886235319591
id12551,0.046561586792025565,0.9401250818591824,0.013313331348791974
id23274,0.060132379539179374,0.024401038070326644,0.915466582390494
id08117,0.8158475801487707,0.021731587039257302,0.16242083281197206
id23961,0.9639136995192652,0.015425956229338332,0.02066034425139653
id13865,0.03453876061763079,0.93870329982483,0.026757939557539294
id22807,0.4080946396184359,0.009464823706980806,0.5824405366745833
id08951,0.017529472351905245,0.009493143310530628,0.9729773843375641
id18684,0.9916148464999625,0.004814929705328907,0.003570223794708575
id25179,0.2752264165621942,0.6661721838323945,0.05860139960541138
id27033,0.5659786762459637,0.05913055598242705,0.37489076777160935
id13977,0.14337169658576154,0.7745796057554881,0.08204869765875036
id19337,0.0058472026129798805,0.902259932347106,0.0918928650399142
id25764,0.06398524931558928,0.9144085277030293,0.02160622298138152
id16106,0.6554634667977178,0.11065157656486,0.23388495663742212
id05468,0.09763921560179274,0.006481766846763071,0.8958790175514442
id05241,0.9499179987954978,0.02028677015089276,0.029795231053609473
id10215,0.724761462079288,0.18911595276833343,0.08612258515237856
id23457,0.09137675420551827,0.0348089238780979,0.8738143219163838
id02200,0.6887563628625678,0.07552997425614436,0.2357136628812878
id13714,0.1141294192814924,0.848088036444579,0.037782544273928555
id20332,0.010273357614297578,0.004353139629017241,0.9853735027566852
id18573,0.13913580628143213,0.14539330553741744,0.7154708881811505
